Li_TB     

10 0.0 -4.318368
10 0.004909 -4.319368
10 0.009817 -4.322368
10 0.014726 -4.327368
10 0.019634 -4.334368
10 0.024543 -4.343368
10 0.029451 -4.354268
10 0.03436 -4.367168
10 0.039268 -4.381968
10 0.044177 -4.398668
10 0.049086 -4.417368
10 0.053994 -4.437768
10 0.058903 -4.460068
10 0.063811 -4.484168
10 0.06872 -4.510068
10 0.073628 -4.537668
10 0.078537 -4.566968
10 0.083445 -4.597868
10 0.088354 -4.630368
10 0.093262 -4.664468
10 0.098171 -4.700168
10 0.10308 -4.737268
10 0.107988 -4.775868
10 0.112897 -4.815868
10 0.117805 -4.857168
10 0.122714 -4.899868
10 0.127622 -4.943868
10 0.132531 -4.988968
10 0.137439 -5.035368
10 0.142348 -5.082868
10 0.147257 -5.131468
10 0.152165 -5.181168
10 0.157074 -5.231868
10 0.161982 -5.283568
10 0.166891 -5.336168
10 0.171799 -5.389668
10 0.176708 -5.444068
10 0.181616 -5.499268
10 0.186525 -5.555368
10 0.191433 -5.612068
10 0.196342 -5.669568
10 0.201251 -5.727768
10 0.206159 -5.786668
10 0.211068 -5.846068
10 0.215976 -5.906168
10 0.220885 -5.966868
10 0.225793 -6.028068
10 0.230702 -6.089768
10 0.23561 -6.151868
10 0.240519 -6.214568
10 0.245428 -6.277668
10 0.250336 -6.341168
10 0.255245 -6.404968
10 0.260153 -6.469268
10 0.265062 -6.533868
10 0.26997 -6.598768
10 0.274879 -6.663968
10 0.279787 -6.729368
10 0.284696 -6.795168
10 0.289604 -6.861168
10 0.294513 -6.927368
10 0.299422 -6.993768
10 0.30433 -7.060268
10 0.309239 -7.127068
10 0.314147 -7.193968
10 0.319056 -7.260968
10 0.323964 -7.328168
10 0.328873 -7.395468
10 0.333781 -7.417868
10 0.33869 -7.380968
10 0.343599 -7.343768
10 0.348507 -7.306068
10 0.353416 -7.267868
10 0.358324 -7.229268
10 0.363233 -7.190268
10 0.368141 -7.150768
10 0.37305 -7.110968
10 0.377958 -7.070768
10 0.382867 -7.030468
10 0.387776 -6.990868
10 0.392684 -6.964668
10 0.397593 -7.003568
10 0.402501 -7.055568
10 0.40741 -7.108668
10 0.412318 -7.162068
10 0.417227 -7.215268
10 0.422135 -7.268068
10 0.427044 -7.319868
10 0.431952 -7.369568
10 0.436861 -7.413668
10 0.44177 -7.437968
10 0.444604 -7.437768
10 0.447437 -7.437168
10 0.450271 -7.436168
10 0.453105 -7.434868
10 0.455939 -7.433068
10 0.458773 -7.430968
10 0.461607 -7.428368
10 0.464441 -7.425268
10 0.467275 -7.421768
10 0.470109 -7.417768
10 0.472943 -7.413368
10 0.475777 -7.408368
10 0.478611 -7.402868
10 0.481445 -7.396868
10 0.484279 -7.390368
10 0.487113 -7.383268
10 0.489947 -7.375568
10 0.492781 -7.367468
10 0.495615 -7.357468
10 0.498449 -7.346768
10 0.501282 -7.335768
10 0.504116 -7.324468
10 0.50695 -7.313068
10 0.509784 -7.301368
10 0.512618 -7.289568
10 0.515452 -7.277568
10 0.518286 -7.265568
10 0.52112 -7.253368
10 0.523954 -7.241168
10 0.526788 -7.228868
10 0.529622 -7.216668
10 0.532456 -7.204368
10 0.53529 -7.192068
10 0.538124 -7.179868
10 0.540958 -7.167668
10 0.543792 -7.155568
10 0.546626 -7.143568
10 0.54946 -7.131668
10 0.552294 -7.119868
10 0.555128 -7.108168
10 0.557961 -7.096668
10 0.560795 -7.085368
10 0.563629 -7.074168
10 0.566463 -7.063268
10 0.569297 -7.052468
10 0.572131 -7.041968
10 0.574965 -7.031668
10 0.577799 -7.020668
10 0.580633 -7.009868
10 0.583467 -6.999368
10 0.586301 -6.988968
10 0.589135 -6.978968
10 0.591969 -6.969168
10 0.594803 -6.959668
10 0.597637 -6.950468
10 0.600471 -6.941468
10 0.603305 -6.932868
10 0.606139 -6.924568
10 0.608973 -6.916568
10 0.611806 -6.908968
10 0.61464 -6.901668
10 0.617474 -6.894768
10 0.620308 -6.888168
10 0.623142 -6.881968
10 0.625976 -6.876168
10 0.62881 -6.870668
10 0.631644 -6.865568
10 0.634478 -6.860868
10 0.637312 -6.856668
10 0.640146 -6.852768
10 0.64298 -6.849268
10 0.645814 -6.846168
10 0.648648 -6.843568
10 0.651482 -6.841368
10 0.654316 -6.839568
10 0.65715 -6.838168
10 0.659984 -6.837268
10 0.662818 -6.836668
10 0.665651 -6.836568
10 0.668485 -6.836868
10 0.671319 -6.837568
10 0.674153 -6.838668
10 0.676987 -6.840068
10 0.679821 -6.841868
10 0.682655 -6.843868
10 0.685489 -6.846168
10 0.688323 -6.848468
10 0.691157 -6.850668
10 0.693991 -6.852368
10 0.696825 -6.853068
10 0.702493 -6.848768
10 0.708161 -6.834668
10 0.713829 -6.813868
10 0.719497 -6.789768
10 0.725164 -6.763868
10 0.730832 -6.736868
10 0.7365 -6.708968
10 0.742168 -6.680468
10 0.747836 -6.651368
10 0.753504 -6.621768
10 0.759172 -6.591668
10 0.76484 -6.561068
10 0.770508 -6.556268
10 0.776176 -6.608368
10 0.781844 -6.659868
10 0.787511 -6.710968
10 0.793179 -6.761568
10 0.798847 -6.811668
10 0.804515 -6.861268
10 0.810183 -6.910268
10 0.815851 -6.958868
10 0.821519 -7.006768
10 0.827187 -7.054268
10 0.832855 -7.101068
10 0.838523 -7.147468
10 0.84419 -7.193168
10 0.849858 -7.238268
10 0.855526 -7.282868
10 0.861194 -7.326768
10 0.866862 -7.370068
10 0.87253 -7.412668
10 0.878198 -7.454468
10 0.883866 -7.494868
10 0.889534 -7.496868
10 0.895202 -7.409568
10 0.90087 -7.319868
10 0.906537 -7.230468
10 0.912205 -7.141568
10 0.917873 -7.053168
10 0.923541 -6.965468
10 0.929209 -6.878468
10 0.934877 -6.792168
10 0.940545 -6.706568
10 0.946213 -6.621868
10 0.951881 -6.537968
10 0.957549 -6.454868
10 0.963216 -6.372768
10 0.968884 -6.291568
10 0.974552 -6.211268
10 0.98022 -6.132068
10 0.985888 -6.053968
10 0.991556 -5.976868
10 0.997224 -5.900968
10 1.002892 -5.826268
10 1.00856 -5.752668
10 1.014228 -5.680468
10 1.019896 -5.609468
10 1.025563 -5.539868
10 1.031231 -5.471668
10 1.036899 -5.404868
10 1.042567 -5.339568
10 1.048235 -5.275868
10 1.053903 -5.213668
10 1.059571 -5.153168
10 1.065239 -5.094368
10 1.070907 -5.037268
10 1.076575 -4.981968
10 1.082242 -4.928568
10 1.08791 -4.877068
10 1.093578 -4.827468
10 1.099246 -4.779868
10 1.104914 -4.734368
10 1.110582 -4.690968
10 1.11625 -4.649668
10 1.121918 -4.610668
10 1.127586 -4.573868
10 1.133254 -4.539468
10 1.138922 -4.507268
10 1.144589 -4.477568
10 1.150257 -4.450268
10 1.155925 -4.425468
10 1.161593 -4.403168
10 1.167261 -4.383468
10 1.172929 -4.366268
10 1.178597 -4.351668
10 1.184265 -4.339668
10 1.189933 -4.330368
10 1.195601 -4.323668
10 1.201268 -4.319668
10 1.206936 -4.318368
11 0.0 -4.318368
11 0.004909 -4.318868
11 0.009817 -4.320368
11 0.014726 -4.322968
11 0.019634 -4.326468
11 0.024543 -4.331068
11 0.029451 -4.336668
11 0.03436 -4.343268
11 0.039268 -4.350868
11 0.044177 -4.359568
11 0.049086 -4.369168
11 0.053994 -4.379768
11 0.058903 -4.391368
11 0.063811 -4.403868
11 0.06872 -4.417468
11 0.073628 -4.431968
11 0.078537 -4.447468
11 0.083445 -4.463868
11 0.088354 -4.481168
11 0.093262 -4.499468
11 0.098171 -4.518668
11 0.10308 -4.538868
11 0.107988 -4.559868
11 0.112897 -4.581768
11 0.117805 -4.604568
11 0.122714 -4.628268
11 0.127622 -4.652868
11 0.132531 -4.678268
11 0.137439 -4.704568
11 0.142348 -4.731668
11 0.147257 -4.759668
11 0.152165 -4.788368
11 0.157074 -4.817968
11 0.161982 -4.848268
11 0.166891 -4.879468
11 0.171799 -4.911368
11 0.176708 -4.943968
11 0.181616 -4.977468
11 0.186525 -5.011568
11 0.191433 -5.046468
11 0.196342 -5.082068
11 0.201251 -5.118368
11 0.206159 -5.155368
11 0.211068 -5.192968
11 0.215976 -5.231268
11 0.220885 -5.270268
11 0.225793 -5.309868
11 0.230702 -5.350168
11 0.23561 -5.390968
11 0.240519 -5.432468
11 0.245428 -5.474468
11 0.250336 -5.517168
11 0.255245 -5.560368
11 0.260153 -5.604068
11 0.265062 -5.648368
11 0.26997 -5.693168
11 0.274879 -5.738468
11 0.279787 -5.784368
11 0.284696 -5.830668
11 0.289604 -5.877468
11 0.294513 -5.924668
11 0.299422 -5.972368
11 0.30433 -6.020468
11 0.309239 -6.069068
11 0.314147 -6.118068
11 0.319056 -6.167368
11 0.323964 -6.217168
11 0.328873 -6.267268
11 0.333781 -6.317768
11 0.33869 -6.368568
11 0.343599 -6.419668
11 0.348507 -6.471068
11 0.353416 -6.522868
11 0.358324 -6.574868
11 0.363233 -6.627068
11 0.368141 -6.679568
11 0.37305 -6.732168
11 0.377958 -6.784868
11 0.382867 -6.837568
11 0.387776 -6.889268
11 0.392684 -6.927168
11 0.397593 -6.899768
11 0.402501 -6.858868
11 0.40741 -6.816468
11 0.412318 -6.773468
11 0.417227 -6.730068
11 0.422135 -6.686568
11 0.427044 -6.643268
11 0.431952 -6.601168
11 0.436861 -6.563568
11 0.44177 -6.544568
11 0.444604 -6.544468
11 0.447437 -6.544268
11 0.450271 -6.543868
11 0.453105 -6.543268
11 0.455939 -6.542468
11 0.458773 -6.541568
11 0.461607 -6.540468
11 0.464441 -6.539168
11 0.467275 -6.537768
11 0.470109 -6.536068
11 0.472943 -6.534368
11 0.475777 -6.532368
11 0.478611 -6.530268
11 0.481445 -6.527968
11 0.484279 -6.525468
11 0.487113 -6.522868
11 0.489947 -6.520068
11 0.492781 -6.517168
11 0.495615 -6.513968
11 0.498449 -6.510668
11 0.501282 -6.507168
11 0.504116 -6.503568
11 0.50695 -6.499768
11 0.509784 -6.495768
11 0.512618 -6.491668
11 0.515452 -6.487368
11 0.518286 -6.482868
11 0.52112 -6.478168
11 0.523954 -6.473368
11 0.526788 -6.468368
11 0.529622 -6.463268
11 0.532456 -6.457968
11 0.53529 -6.452468
11 0.538124 -6.446868
11 0.540958 -6.440968
11 0.543792 -6.435068
11 0.546626 -6.428868
11 0.54946 -6.422568
11 0.552294 -6.416168
11 0.555128 -6.409468
11 0.557961 -6.402668
11 0.560795 -6.395768
11 0.563629 -6.388568
11 0.566463 -6.381368
11 0.569297 -6.373868
11 0.572131 -6.366268
11 0.574965 -6.358468
11 0.577799 -6.350568
11 0.580633 -6.342468
11 0.583467 -6.334268
11 0.586301 -6.325868
11 0.589135 -6.317268
11 0.591969 -6.308568
11 0.594803 -6.299668
11 0.597637 -6.290568
11 0.600471 -6.281368
11 0.603305 -6.272068
11 0.606139 -6.262568
11 0.608973 -6.252868
11 0.611806 -6.243068
11 0.61464 -6.233068
11 0.617474 -6.222968
11 0.620308 -6.212668
11 0.623142 -6.202268
11 0.625976 -6.191668
11 0.62881 -6.180968
11 0.631644 -6.170068
11 0.634478 -6.159068
11 0.637312 -6.147868
11 0.640146 -6.136568
11 0.64298 -6.125068
11 0.645814 -6.113468
11 0.648648 -6.101768
11 0.651482 -6.089868
11 0.654316 -6.077868
11 0.65715 -6.065768
11 0.659984 -6.053468
11 0.662818 -6.041168
11 0.665651 -6.028668
11 0.668485 -6.016168
11 0.671319 -6.003668
11 0.674153 -5.991068
11 0.676987 -5.978468
11 0.679821 -5.966068
11 0.682655 -5.953768
11 0.685489 -5.941968
11 0.688323 -5.930868
11 0.691157 -5.921168
11 0.693991 -5.913768
11 0.696825 -5.910768
11 0.702493 -5.926368
11 0.708161 -5.967068
11 0.713829 -6.017368
11 0.719497 -6.070768
11 0.725164 -6.125268
11 0.730832 -6.179968
11 0.7365 -6.234768
11 0.742168 -6.289268
11 0.747836 -6.343468
11 0.753504 -6.397268
11 0.759172 -6.450768
11 0.76484 -6.503768
11 0.770508 -6.530068
11 0.776176 -6.498568
11 0.781844 -6.466668
11 0.787511 -6.434468
11 0.793179 -6.401768
11 0.798847 -6.368768
11 0.804515 -6.335368
11 0.810183 -6.301568
11 0.815851 -6.267568
11 0.821519 -6.233168
11 0.827187 -6.198468
11 0.832855 -6.163468
11 0.838523 -6.128168
11 0.84419 -6.092568
11 0.849858 -6.056768
11 0.855526 -6.020768
11 0.861194 -5.984468
11 0.866862 -5.948068
11 0.87253 -5.911368
11 0.878198 -5.874568
11 0.883866 -5.837568
11 0.889534 -5.800368
11 0.895202 -5.763168
11 0.90087 -5.725768
11 0.906537 -5.688368
11 0.912205 -5.650868
11 0.917873 -5.613268
11 0.923541 -5.575768
11 0.929209 -5.538168
11 0.934877 -5.500668
11 0.940545 -5.463168
11 0.946213 -5.425768
11 0.951881 -5.388468
11 0.957549 -5.351268
11 0.963216 -5.314268
11 0.968884 -5.277368
11 0.974552 -5.240768
11 0.98022 -5.204368
11 0.985888 -5.168268
11 0.991556 -5.132368
11 0.997224 -5.096868
11 1.002892 -5.061668
11 1.00856 -5.026968
11 1.014228 -4.992568
11 1.019896 -4.958668
11 1.025563 -4.925268
11 1.031231 -4.892468
11 1.036899 -4.860168
11 1.042567 -4.828368
11 1.048235 -4.797268
11 1.053903 -4.766868
11 1.059571 -4.737168
11 1.065239 -4.708168
11 1.070907 -4.679968
11 1.076575 -4.652568
11 1.082242 -4.625968
11 1.08791 -4.600268
11 1.093578 -4.575568
11 1.099246 -4.551668
11 1.104914 -4.528868
11 1.110582 -4.507068
11 1.11625 -4.486268
11 1.121918 -4.466568
11 1.127586 -4.448068
11 1.133254 -4.430568
11 1.138922 -4.414368
11 1.144589 -4.399268
11 1.150257 -4.385468
11 1.155925 -4.372868
11 1.161593 -4.361468
11 1.167261 -4.351468
11 1.172929 -4.342768
11 1.178597 -4.335268
11 1.184265 -4.329168
11 1.189933 -4.324468
11 1.195601 -4.321068
11 1.201268 -4.319068
11 1.206936 -4.318368
12 0.0 -1.549568
12 0.004909 -1.558668
12 0.009817 -1.583168
12 0.014726 -1.618068
12 0.019634 -1.659268
12 0.024543 -1.704468
12 0.029451 -1.752268
12 0.03436 -1.801968
12 0.039268 -1.853068
12 0.044177 -1.905268
12 0.049086 -1.958468
12 0.053994 -2.012468
12 0.058903 -2.067168
12 0.063811 -2.122468
12 0.06872 -2.178368
12 0.073628 -2.234768
12 0.078537 -2.291668
12 0.083445 -2.348968
12 0.088354 -2.406668
12 0.093262 -2.464668
12 0.098171 -2.523068
12 0.10308 -2.581868
12 0.107988 -2.640868
12 0.112897 -2.700068
12 0.117805 -2.759568
12 0.122714 -2.819368
12 0.127622 -2.879268
12 0.132531 -2.939368
12 0.137439 -2.999568
12 0.142348 -3.060068
12 0.147257 -3.120568
12 0.152165 -3.181168
12 0.157074 -3.241868
12 0.161982 -3.302668
12 0.166891 -3.363568
12 0.171799 -3.424468
12 0.176708 -3.485368
12 0.181616 -3.546268
12 0.186525 -3.607168
12 0.191433 -3.668068
12 0.196342 -3.728968
12 0.201251 -3.789768
12 0.206159 -3.850468
12 0.211068 -3.911168
12 0.215976 -3.971768
12 0.220885 -4.032168
12 0.225793 -4.092568
12 0.230702 -4.152768
12 0.23561 -4.212868
12 0.240519 -4.272868
12 0.245428 -4.332668
12 0.250336 -4.392268
12 0.255245 -4.451668
12 0.260153 -4.510968
12 0.265062 -4.569968
12 0.26997 -4.628868
12 0.274879 -4.687468
12 0.279787 -4.745868
12 0.284696 -4.803968
12 0.289604 -4.861868
12 0.294513 -4.919568
12 0.299422 -4.976868
12 0.30433 -5.034068
12 0.309239 -5.090868
12 0.314147 -5.147368
12 0.319056 -5.203668
12 0.323964 -5.259568
12 0.328873 -5.315168
12 0.333781 -5.370468
12 0.33869 -5.425468
12 0.343599 -5.480068
12 0.348507 -5.534368
12 0.353416 -5.588368
12 0.358324 -5.641968
12 0.363233 -5.695168
12 0.368141 -5.747968
12 0.37305 -5.800468
12 0.377958 -5.852568
12 0.382867 -5.904168
12 0.387776 -5.955468
12 0.392684 -6.006268
12 0.397593 -6.056668
12 0.402501 -6.106668
12 0.40741 -6.156068
12 0.412318 -6.204968
12 0.417227 -6.253268
12 0.422135 -6.300768
12 0.427044 -6.347168
12 0.431952 -6.391468
12 0.436861 -6.430268
12 0.44177 -6.449668
12 0.444604 -6.449668
12 0.447437 -6.449368
12 0.450271 -6.448968
12 0.453105 -6.448368
12 0.455939 -6.447568
12 0.458773 -6.446668
12 0.461607 -6.445568
12 0.464441 -6.444268
12 0.467275 -6.442868
12 0.470109 -6.441268
12 0.472943 -6.439568
12 0.475777 -6.437568
12 0.478611 -6.435468
12 0.481445 -6.433268
12 0.484279 -6.430768
12 0.487113 -6.428168
12 0.489947 -6.425368
12 0.492781 -6.422468
12 0.495615 -6.419368
12 0.498449 -6.416068
12 0.501282 -6.412668
12 0.504116 -6.409068
12 0.50695 -6.405268
12 0.509784 -6.401368
12 0.512618 -6.397268
12 0.515452 -6.393068
12 0.518286 -6.388568
12 0.52112 -6.384068
12 0.523954 -6.379268
12 0.526788 -6.374368
12 0.529622 -6.369268
12 0.532456 -6.364068
12 0.53529 -6.358668
12 0.538124 -6.353068
12 0.540958 -6.347368
12 0.543792 -6.341468
12 0.546626 -6.335468
12 0.54946 -6.329268
12 0.552294 -6.322868
12 0.555128 -6.316368
12 0.557961 -6.309668
12 0.560795 -6.302768
12 0.563629 -6.295768
12 0.566463 -6.288668
12 0.569297 -6.281368
12 0.572131 -6.273868
12 0.574965 -6.266268
12 0.577799 -6.258468
12 0.580633 -6.250468
12 0.583467 -6.242368
12 0.586301 -6.234168
12 0.589135 -6.225768
12 0.591969 -6.217168
12 0.594803 -6.208468
12 0.597637 -6.199568
12 0.600471 -6.190568
12 0.603305 -6.181368
12 0.606139 -6.171968
12 0.608973 -6.162468
12 0.611806 -6.152868
12 0.61464 -6.142968
12 0.617474 -6.133068
12 0.620308 -6.122868
12 0.623142 -6.112568
12 0.625976 -6.102168
12 0.62881 -6.091568
12 0.631644 -6.080768
12 0.634478 -6.069868
12 0.637312 -6.058868
12 0.640146 -6.047568
12 0.64298 -6.036168
12 0.645814 -6.024668
12 0.648648 -6.012968
12 0.651482 -6.001068
12 0.654316 -5.989068
12 0.65715 -5.976868
12 0.659984 -5.964568
12 0.662818 -5.952068
12 0.665651 -5.939368
12 0.668485 -5.926568
12 0.671319 -5.913568
12 0.674153 -5.900468
12 0.676987 -5.887168
12 0.679821 -5.873668
12 0.682655 -5.860068
12 0.685489 -5.846268
12 0.688323 -5.832368
12 0.691157 -5.818268
12 0.693991 -5.804068
12 0.696825 -5.789668
12 0.702493 -5.802468
12 0.708161 -5.789368
12 0.713829 -5.765568
12 0.719497 -5.737668
12 0.725164 -5.707668
12 0.730832 -5.676368
12 0.7365 -5.644168
12 0.742168 -5.610968
12 0.747836 -5.577068
12 0.753504 -5.542568
12 0.759172 -5.507268
12 0.76484 -5.471368
12 0.770508 -5.434868
12 0.776176 -5.397768
12 0.781844 -5.360068
12 0.787511 -5.321768
12 0.793179 -5.282868
12 0.798847 -5.243368
12 0.804515 -5.203368
12 0.810183 -5.162768
12 0.815851 -5.121668
12 0.821519 -5.079968
12 0.827187 -5.037768
12 0.832855 -4.994968
12 0.838523 -4.951668
12 0.84419 -4.907968
12 0.849858 -4.863668
12 0.855526 -4.818768
12 0.861194 -4.773468
12 0.866862 -4.727768
12 0.87253 -4.681468
12 0.878198 -4.634668
12 0.883866 -4.587468
12 0.889534 -4.539768
12 0.895202 -4.491668
12 0.90087 -4.443068
12 0.906537 -4.394068
12 0.912205 -4.344668
12 0.917873 -4.294768
12 0.923541 -4.244568
12 0.929209 -4.193868
12 0.934877 -4.142768
12 0.940545 -4.091368
12 0.946213 -4.039568
12 0.951881 -3.987368
12 0.957549 -3.934768
12 0.963216 -3.881868
12 0.968884 -3.828668
12 0.974552 -3.775068
12 0.98022 -3.721268
12 0.985888 -3.667068
12 0.991556 -3.612568
12 0.997224 -3.557768
12 1.002892 -3.502768
12 1.00856 -3.447468
12 1.014228 -3.391868
12 1.019896 -3.336068
12 1.025563 -3.280068
12 1.031231 -3.223768
12 1.036899 -3.167368
12 1.042567 -3.110668
12 1.048235 -3.053868
12 1.053903 -2.996868
12 1.059571 -2.939668
12 1.065239 -2.882368
12 1.070907 -2.824868
12 1.076575 -2.767368
12 1.082242 -2.709668
12 1.08791 -2.651868
12 1.093578 -2.593968
12 1.099246 -2.536068
12 1.104914 -2.478068
12 1.110582 -2.420068
12 1.11625 -2.362068
12 1.121918 -2.304068
12 1.127586 -2.246068
12 1.133254 -2.188168
12 1.138922 -2.130368
12 1.144589 -2.072768
12 1.150257 -2.015368
12 1.155925 -1.958168
12 1.161593 -1.901468
12 1.167261 -1.845368
12 1.172929 -1.790068
12 1.178597 -1.735968
12 1.184265 -1.683968
12 1.189933 -1.635268
12 1.195601 -1.592768
12 1.201268 -1.561568
12 1.206936 -1.549568
13 0.0 -1.549568
13 0.004909 -1.558068
13 0.009817 -1.580868
13 0.014726 -1.612868
13 0.019634 -1.650068
13 0.024543 -1.690168
13 0.029451 -1.731768
13 0.03436 -1.774168
13 0.039268 -1.816968
13 0.044177 -1.859968
13 0.049086 -1.902768
13 0.053994 -1.945468
13 0.058903 -1.987868
13 0.063811 -2.029868
13 0.06872 -2.071568
13 0.073628 -2.112868
13 0.078537 -2.153768
13 0.083445 -2.194168
13 0.088354 -2.234168
13 0.093262 -2.273668
13 0.098171 -2.312668
13 0.10308 -2.351168
13 0.107988 -2.389268
13 0.112897 -2.426768
13 0.117805 -2.463768
13 0.122714 -2.500268
13 0.127622 -2.536268
13 0.132531 -2.571668
13 0.137439 -2.606668
13 0.142348 -2.641068
13 0.147257 -2.674868
13 0.152165 -2.708268
13 0.157074 -2.741068
13 0.161982 -2.773368
13 0.166891 -2.805068
13 0.171799 -2.836268
13 0.176708 -2.866968
13 0.181616 -2.897068
13 0.186525 -2.926668
13 0.191433 -2.955668
13 0.196342 -2.984168
13 0.201251 -3.012068
13 0.206159 -3.039468
13 0.211068 -3.066368
13 0.215976 -3.092668
13 0.220885 -3.118368
13 0.225793 -3.143568
13 0.230702 -3.168168
13 0.23561 -3.192268
13 0.240519 -3.215768
13 0.245428 -3.238768
13 0.250336 -3.261168
13 0.255245 -3.282968
13 0.260153 -3.304268
13 0.265062 -3.325068
13 0.26997 -3.345168
13 0.274879 -3.364768
13 0.279787 -3.383868
13 0.284696 -3.402368
13 0.289604 -3.420268
13 0.294513 -3.437568
13 0.299422 -3.454368
13 0.30433 -3.470668
13 0.309239 -3.486268
13 0.314147 -3.501368
13 0.319056 -3.515968
13 0.323964 -3.529868
13 0.328873 -3.543268
13 0.333781 -3.556068
13 0.33869 -3.568368
13 0.343599 -3.580068
13 0.348507 -3.591168
13 0.353416 -3.601768
13 0.358324 -3.611768
13 0.363233 -3.621168
13 0.368141 -3.629968
13 0.37305 -3.638268
13 0.377958 -3.645968
13 0.382867 -3.653168
13 0.387776 -3.659668
13 0.392684 -3.665668
13 0.397593 -3.671168
13 0.402501 -3.675968
13 0.40741 -3.680268
13 0.412318 -3.683968
13 0.417227 -3.687168
13 0.422135 -3.689668
13 0.427044 -3.691668
13 0.431952 -3.693168
13 0.436861 -3.693968
13 0.44177 -3.694268
13 0.444604 -3.694768
13 0.447437 -3.696268
13 0.450271 -3.698768
13 0.453105 -3.702268
13 0.455939 -3.706768
13 0.458773 -3.712268
13 0.461607 -3.718668
13 0.464441 -3.726068
13 0.467275 -3.734468
13 0.470109 -3.743768
13 0.472943 -3.753868
13 0.475777 -3.764968
13 0.478611 -3.776968
13 0.481445 -3.789768
13 0.484279 -3.803368
13 0.487113 -3.817868
13 0.489947 -3.833068
13 0.492781 -3.849068
13 0.495615 -3.865868
13 0.498449 -3.883268
13 0.501282 -3.901468
13 0.504116 -3.920268
13 0.50695 -3.939768
13 0.509784 -3.959868
13 0.512618 -3.980568
13 0.515452 -4.001768
13 0.518286 -4.023568
13 0.52112 -4.045968
13 0.523954 -4.068768
13 0.526788 -4.092168
13 0.529622 -4.115868
13 0.532456 -4.140168
13 0.53529 -4.164768
13 0.538124 -4.189868
13 0.540958 -4.215268
13 0.543792 -4.241068
13 0.546626 -4.267168
13 0.54946 -4.293668
13 0.552294 -4.320368
13 0.555128 -4.347468
13 0.557961 -4.374768
13 0.560795 -4.402368
13 0.563629 -4.430168
13 0.566463 -4.458268
13 0.569297 -4.486468
13 0.572131 -4.514968
13 0.574965 -4.543668
13 0.577799 -4.572468
13 0.580633 -4.601468
13 0.583467 -4.630568
13 0.586301 -4.659868
13 0.589135 -4.689268
13 0.591969 -4.718768
13 0.594803 -4.748368
13 0.597637 -4.778168
13 0.600471 -4.807968
13 0.603305 -4.837768
13 0.606139 -4.867768
13 0.608973 -4.897768
13 0.611806 -4.927868
13 0.61464 -4.957968
13 0.617474 -4.988068
13 0.620308 -5.018268
13 0.623142 -5.048468
13 0.625976 -5.078668
13 0.62881 -5.108868
13 0.631644 -5.139068
13 0.634478 -5.169268
13 0.637312 -5.199368
13 0.640146 -5.229568
13 0.64298 -5.259668
13 0.645814 -5.289768
13 0.648648 -5.319768
13 0.651482 -5.349668
13 0.654316 -5.379668
13 0.65715 -5.409468
13 0.659984 -5.439168
13 0.662818 -5.468868
13 0.665651 -5.498368
13 0.668485 -5.527768
13 0.671319 -5.556968
13 0.674153 -5.585968
13 0.676987 -5.614768
13 0.679821 -5.643168
13 0.682655 -5.671168
13 0.685489 -5.698568
13 0.688323 -5.724968
13 0.691157 -5.749768
13 0.693991 -5.771968
13 0.696825 -5.789568
13 0.702493 -5.760368
13 0.708161 -5.730468
13 0.713829 -5.699968
13 0.719497 -5.668768
13 0.725164 -5.637068
13 0.730832 -5.604668
13 0.7365 -5.571768
13 0.742168 -5.538168
13 0.747836 -5.503968
13 0.753504 -5.469268
13 0.759172 -5.433968
13 0.76484 -5.398068
13 0.770508 -5.361568
13 0.776176 -5.324468
13 0.781844 -5.286868
13 0.787511 -5.248768
13 0.793179 -5.209968
13 0.798847 -5.170768
13 0.804515 -5.130968
13 0.810183 -5.090568
13 0.815851 -5.049768
13 0.821519 -5.008368
13 0.827187 -4.966468
13 0.832855 -4.924068
13 0.838523 -4.881068
13 0.84419 -4.837668
13 0.849858 -4.793768
13 0.855526 -4.749468
13 0.861194 -4.704568
13 0.866862 -4.659268
13 0.87253 -4.613468
13 0.878198 -4.567168
13 0.883866 -4.520468
13 0.889534 -4.473368
13 0.895202 -4.425768
13 0.90087 -4.377868
13 0.906537 -4.329468
13 0.912205 -4.280668
13 0.917873 -4.231368
13 0.923541 -4.181868
13 0.929209 -4.131868
13 0.934877 -4.081468
13 0.940545 -4.030768
13 0.946213 -3.979668
13 0.951881 -3.928268
13 0.957549 -3.876568
13 0.963216 -3.824468
13 0.968884 -3.772068
13 0.974552 -3.719368
13 0.98022 -3.666368
13 0.985888 -3.613068
13 0.991556 -3.559568
13 0.997224 -3.505668
13 1.002892 -3.451668
13 1.00856 -3.397268
13 1.014228 -3.342768
13 1.019896 -3.287968
13 1.025563 -3.232968
13 1.031231 -3.177868
13 1.036899 -3.122468
13 1.042567 -3.066968
13 1.048235 -3.011268
13 1.053903 -2.955368
13 1.059571 -2.899468
13 1.065239 -2.843368
13 1.070907 -2.787068
13 1.076575 -2.730768
13 1.082242 -2.674468
13 1.08791 -2.617968
13 1.093578 -2.561468
13 1.099246 -2.504868
13 1.104914 -2.448368
13 1.110582 -2.391768
13 1.11625 -2.335268
13 1.121918 -2.278768
13 1.127586 -2.222368
13 1.133254 -2.165968
13 1.138922 -2.109768
13 1.144589 -2.053868
13 1.150257 -1.998068
13 1.155925 -1.942668
13 1.161593 -1.887668
13 1.167261 -1.833368
13 1.172929 -1.779868
13 1.178597 -1.727768
13 1.184265 -1.677668
13 1.189933 -1.630968
13 1.195601 -1.590368
13 1.201268 -1.560868
13 1.206936 -1.549568
14 0.0 -1.274968
14 0.004909 -1.266568
14 0.009817 -1.243968
14 0.014726 -1.212468
14 0.019634 -1.175868
14 0.024543 -1.136568
14 0.029451 -1.096068
14 0.03436 -1.054868
14 0.039268 -1.013668
14 0.044177 -0.972568
14 0.049086 -0.931868
14 0.053994 -0.891668
14 0.058903 -0.852168
14 0.063811 -0.813268
14 0.06872 -0.775268
14 0.073628 -0.737968
14 0.078537 -0.701668
14 0.083445 -0.666368
14 0.088354 -0.632168
14 0.093262 -0.599068
14 0.098171 -0.567368
14 0.10308 -0.537068
14 0.107988 -0.508368
14 0.112897 -0.481568
14 0.117805 -0.456468
14 0.122714 -0.433168
14 0.127622 -0.411368
14 0.132531 -0.390668
14 0.137439 -0.370868
14 0.142348 -0.351468
14 0.147257 -0.332268
14 0.152165 -0.313068
14 0.157074 -0.293768
14 0.161982 -0.274268
14 0.166891 -0.254568
14 0.171799 -0.234468
14 0.176708 -0.214168
14 0.181616 -0.193668
14 0.186525 -0.172868
14 0.191433 -0.151968
14 0.196342 -0.130868
14 0.201251 -0.109868
14 0.206159 -0.088968
14 0.211068 -0.068268
14 0.215976 -0.048068
14 0.220885 -0.028368
14 0.225793 -0.009468
14 0.230702 0.008632
14 0.23561 0.025932
14 0.240519 0.042132
14 0.245428 0.057432
14 0.250336 0.071832
14 0.255245 0.085332
14 0.260153 0.097932
14 0.265062 0.109732
14 0.26997 0.120732
14 0.274879 0.131132
14 0.279787 0.140832
14 0.284696 0.150032
14 0.289604 0.158532
14 0.294513 0.166632
14 0.299422 0.174132
14 0.30433 0.181232
14 0.309239 0.187832
14 0.314147 0.194132
14 0.319056 0.199932
14 0.323964 0.205432
14 0.328873 0.210532
14 0.333781 0.215332
14 0.33869 0.219832
14 0.343599 0.224032
14 0.348507 0.227932
14 0.353416 0.231532
14 0.358324 0.234932
14 0.363233 0.238032
14 0.368141 0.240832
14 0.37305 0.243532
14 0.377958 0.245932
14 0.382867 0.248132
14 0.387776 0.250132
14 0.392684 0.251932
14 0.397593 0.253532
14 0.402501 0.255032
14 0.40741 0.256232
14 0.412318 0.257332
14 0.417227 0.258232
14 0.422135 0.258932
14 0.427044 0.259532
14 0.431952 0.259932
14 0.436861 0.260132
14 0.44177 0.260232
14 0.444604 0.260932
14 0.447437 0.262732
14 0.450271 0.265932
14 0.453105 0.270332
14 0.455939 0.276032
14 0.458773 0.282932
14 0.461607 0.291032
14 0.464441 0.300332
14 0.467275 0.310932
14 0.470109 0.322632
14 0.472943 0.335532
14 0.475777 0.349632
14 0.478611 0.364732
14 0.481445 0.381032
14 0.484279 0.398432
14 0.487113 0.416932
14 0.489947 0.436432
14 0.492781 0.456932
14 0.495615 0.478432
14 0.498449 0.500932
14 0.501282 0.524332
14 0.504116 0.548732
14 0.50695 0.573932
14 0.509784 0.600132
14 0.512618 0.627132
14 0.515452 0.654932
14 0.518286 0.683532
14 0.52112 0.713032
14 0.523954 0.743132
14 0.526788 0.774032
14 0.529622 0.805732
14 0.532456 0.838032
14 0.53529 0.871032
14 0.538124 0.904632
14 0.540958 0.938932
14 0.543792 0.973832
14 0.546626 1.009332
14 0.54946 1.045432
14 0.552294 1.082032
14 0.555128 1.119132
14 0.557961 1.156832
14 0.560795 1.195032
14 0.563629 1.233732
14 0.566463 1.272932
14 0.569297 1.312532
14 0.572131 1.352632
14 0.574965 1.393132
14 0.577799 1.434032
14 0.580633 1.475432
14 0.583467 1.517132
14 0.586301 1.559232
14 0.589135 1.601732
14 0.591969 1.644632
14 0.594803 1.687832
14 0.597637 1.731332
14 0.600471 1.775232
14 0.603305 1.819432
14 0.606139 1.863932
14 0.608973 1.908732
14 0.611806 1.953832
14 0.61464 1.999232
14 0.617474 2.044832
14 0.620308 2.090732
14 0.623142 2.136932
14 0.625976 2.183332
14 0.62881 2.229932
14 0.631644 2.276832
14 0.634478 2.323932
14 0.637312 2.371232
14 0.640146 2.418632
14 0.64298 2.466332
14 0.645814 2.514132
14 0.648648 2.562132
14 0.651482 2.610232
14 0.654316 2.658432
14 0.65715 2.706732
14 0.659984 2.755032
14 0.662818 2.803232
14 0.665651 2.851232
14 0.668485 2.898632
14 0.671319 2.944532
14 0.674153 2.986532
14 0.676987 3.019132
14 0.679821 3.040132
14 0.682655 3.054132
14 0.685489 3.064432
14 0.688323 3.072032
14 0.691157 3.077432
14 0.693991 3.080632
14 0.696825 3.081732
14 0.702493 3.077332
14 0.708161 3.063832
14 0.713829 3.040932
14 0.719497 3.008232
14 0.725164 2.965232
14 0.730832 2.911832
14 0.7365 2.847832
14 0.742168 2.773832
14 0.747836 2.690932
14 0.753504 2.600932
14 0.759172 2.505832
14 0.76484 2.407732
14 0.770508 2.308432
14 0.776176 2.209532
14 0.781844 2.111932
14 0.787511 2.016632
14 0.793179 1.924132
14 0.798847 1.834732
14 0.804515 1.748332
14 0.810183 1.665232
14 0.815851 1.585132
14 0.821519 1.508032
14 0.827187 1.433832
14 0.832855 1.362132
14 0.838523 1.293032
14 0.84419 1.226132
14 0.849858 1.161532
14 0.855526 1.098832
14 0.861194 1.038132
14 0.866862 0.979232
14 0.87253 0.922032
14 0.878198 0.866532
14 0.883866 0.812432
14 0.889534 0.759832
14 0.895202 0.708632
14 0.90087 0.658732
14 0.906537 0.610232
14 0.912205 0.562832
14 0.917873 0.516732
14 0.923541 0.471832
14 0.929209 0.428032
14 0.934877 0.385432
14 0.940545 0.343832
14 0.946213 0.303332
14 0.951881 0.263932
14 0.957549 0.225532
14 0.963216 0.188232
14 0.968884 0.151832
14 0.974552 0.116532
14 0.98022 0.082232
14 0.985888 0.048832
14 0.991556 0.016532
14 0.997224 -0.014868
14 1.002892 -0.045368
14 1.00856 -0.074868
14 1.014228 -0.103368
14 1.019896 -0.130968
14 1.025563 -0.157668
14 1.031231 -0.183368
14 1.036899 -0.208168
14 1.042567 -0.232068
14 1.048235 -0.255068
14 1.053903 -0.277268
14 1.059571 -0.298468
14 1.065239 -0.318868
14 1.070907 -0.338468
14 1.076575 -0.357268
14 1.082242 -0.375368
14 1.08791 -0.392868
14 1.093578 -0.409868
14 1.099246 -0.426968
14 1.104914 -0.445368
14 1.110582 -0.468468
14 1.11625 -0.512768
14 1.121918 -0.566668
14 1.127586 -0.620568
14 1.133254 -0.674468
14 1.138922 -0.728468
14 1.144589 -0.782368
14 1.150257 -0.836168
14 1.155925 -0.889768
14 1.161593 -0.943168
14 1.167261 -0.996068
14 1.172929 -1.048268
14 1.178597 -1.099368
14 1.184265 -1.148568
14 1.189933 -1.194468
14 1.195601 -1.234568
14 1.201268 -1.263868
14 1.206936 -1.274968
15 0.0 -1.274968
15 0.004909 -1.265968
15 0.009817 -1.241668
15 0.014726 -1.207068
15 0.019634 -1.166268
15 0.024543 -1.121568
15 0.029451 -1.074268
15 0.03436 -1.025068
15 0.039268 -0.974468
15 0.044177 -0.922768
15 0.049086 -0.870168
15 0.053994 -0.816668
15 0.058903 -0.762368
15 0.063811 -0.707468
15 0.06872 -0.651768
15 0.073628 -0.595568
15 0.078537 -0.538668
15 0.083445 -0.481268
15 0.088354 -0.453468
15 0.093262 -0.441368
15 0.098171 -0.428168
15 0.10308 -0.413768
15 0.107988 -0.397868
15 0.112897 -0.380468
15 0.117805 -0.361368
15 0.122714 -0.340668
15 0.127622 -0.318768
15 0.132531 -0.295868
15 0.137439 -0.272268
15 0.142348 -0.248468
15 0.147257 -0.224568
15 0.152165 -0.200768
15 0.157074 -0.177268
15 0.161982 -0.154068
15 0.166891 -0.131268
15 0.171799 -0.108768
15 0.176708 -0.086668
15 0.181616 -0.064768
15 0.186525 -0.043268
15 0.191433 -0.021868
15 0.196342 -0.000568
15 0.201251 0.020732
15 0.206159 0.042232
15 0.211068 0.064032
15 0.215976 0.086332
15 0.220885 0.109332
15 0.225793 0.133232
15 0.230702 0.158132
15 0.23561 0.184032
15 0.240519 0.211232
15 0.245428 0.239532
15 0.250336 0.269132
15 0.255245 0.300032
15 0.260153 0.332032
15 0.265062 0.365332
15 0.26997 0.399832
15 0.274879 0.435432
15 0.279787 0.472232
15 0.284696 0.510232
15 0.289604 0.549532
15 0.294513 0.589932
15 0.299422 0.631732
15 0.30433 0.674732
15 0.309239 0.719132
15 0.314147 0.764932
15 0.319056 0.812132
15 0.323964 0.860932
15 0.328873 0.911232
15 0.333781 0.963232
15 0.33869 1.017032
15 0.343599 1.072532
15 0.348507 1.129832
15 0.353416 1.189032
15 0.358324 1.250032
15 0.363233 1.312832
15 0.368141 1.377232
15 0.37305 1.443032
15 0.377958 1.510132
15 0.382867 1.577832
15 0.387776 1.645632
15 0.392684 1.712932
15 0.397593 1.778632
15 0.402501 1.841932
15 0.40741 1.901532
15 0.412318 1.956232
15 0.417227 2.004932
15 0.422135 2.046532
15 0.427044 2.079932
15 0.431952 2.104332
15 0.436861 2.119232
15 0.44177 2.124232
15 0.444604 2.124432
15 0.447437 2.124732
15 0.450271 2.125332
15 0.453105 2.126232
15 0.455939 2.127232
15 0.458773 2.128632
15 0.461607 2.130132
15 0.464441 2.131932
15 0.467275 2.134032
15 0.470109 2.136332
15 0.472943 2.138832
15 0.475777 2.141632
15 0.478611 2.144632
15 0.481445 2.147932
15 0.484279 2.151432
15 0.487113 2.155232
15 0.489947 2.159232
15 0.492781 2.163532
15 0.495615 2.168032
15 0.498449 2.172832
15 0.501282 2.177932
15 0.504116 2.183232
15 0.50695 2.188832
15 0.509784 2.194632
15 0.512618 2.200732
15 0.515452 2.207132
15 0.518286 2.213732
15 0.52112 2.220732
15 0.523954 2.227932
15 0.526788 2.235432
15 0.529622 2.243232
15 0.532456 2.251232
15 0.53529 2.259632
15 0.538124 2.268332
15 0.540958 2.277332
15 0.543792 2.286532
15 0.546626 2.296132
15 0.54946 2.306132
15 0.552294 2.316332
15 0.555128 2.326932
15 0.557961 2.337832
15 0.560795 2.349032
15 0.563629 2.360632
15 0.566463 2.372532
15 0.569297 2.384832
15 0.572131 2.397532
15 0.574965 2.410532
15 0.577799 2.423932
15 0.580633 2.437732
15 0.583467 2.451932
15 0.586301 2.466432
15 0.589135 2.481432
15 0.591969 2.496732
15 0.594803 2.512532
15 0.597637 2.528632
15 0.600471 2.545232
15 0.603305 2.562132
15 0.606139 2.579432
15 0.608973 2.597232
15 0.611806 2.615332
15 0.61464 2.633832
15 0.617474 2.652632
15 0.620308 2.671732
15 0.623142 2.691232
15 0.625976 2.711032
15 0.62881 2.731032
15 0.631644 2.751232
15 0.634478 2.771632
15 0.637312 2.792132
15 0.640146 2.812732
15 0.64298 2.833332
15 0.645814 2.853832
15 0.648648 2.874132
15 0.651482 2.894332
15 0.654316 2.914132
15 0.65715 2.933532
15 0.659984 2.952632
15 0.662818 2.971132
15 0.665651 2.989232
15 0.668485 3.007032
15 0.671319 3.025432
15 0.674153 3.046632
15 0.676987 3.075932
15 0.679821 3.115532
15 0.682655 3.160432
15 0.685489 3.207232
15 0.688323 3.254332
15 0.691157 3.300832
15 0.693991 3.344432
15 0.696825 3.378932
15 0.702493 3.327932
15 0.708161 3.276632
15 0.713829 3.225132
15 0.719497 3.173432
15 0.725164 3.121432
15 0.730832 3.069332
15 0.7365 3.017032
15 0.742168 2.964632
15 0.747836 2.912032
15 0.753504 2.859432
15 0.759172 2.806632
15 0.76484 2.753832
15 0.770508 2.700932
15 0.776176 2.647932
15 0.781844 2.595032
15 0.787511 2.541932
15 0.793179 2.488932
15 0.798847 2.435932
15 0.804515 2.382932
15 0.810183 2.329832
15 0.815851 2.276832
15 0.821519 2.223932
15 0.827187 2.170932
15 0.832855 2.118032
15 0.838523 2.065132
15 0.84419 2.012332
15 0.849858 1.959532
15 0.855526 1.906732
15 0.861194 1.854032
15 0.866862 1.801432
15 0.87253 1.748832
15 0.878198 1.696232
15 0.883866 1.643732
15 0.889534 1.591232
15 0.895202 1.538832
15 0.90087 1.486532
15 0.906537 1.434132
15 0.912205 1.381932
15 0.917873 1.329632
15 0.923541 1.277432
15 0.929209 1.225232
15 0.934877 1.173132
15 0.940545 1.120932
15 0.946213 1.068832
15 0.951881 1.016732
15 0.957549 0.964632
15 0.963216 0.912532
15 0.968884 0.860432
15 0.974552 0.808332
15 0.98022 0.756132
15 0.985888 0.704032
15 0.991556 0.651832
15 0.997224 0.599632
15 1.002892 0.547332
15 1.00856 0.495032
15 1.014228 0.442732
15 1.019896 0.390332
15 1.025563 0.337832
15 1.031231 0.285332
15 1.036899 0.232732
15 1.042567 0.180032
15 1.048235 0.127332
15 1.053903 0.074432
15 1.059571 0.021532
15 1.065239 -0.031468
15 1.070907 -0.084568
15 1.076575 -0.137768
15 1.082242 -0.191068
15 1.08791 -0.244468
15 1.093578 -0.297968
15 1.099246 -0.351568
15 1.104914 -0.405168
15 1.110582 -0.458968
15 1.11625 -0.502668
15 1.121918 -0.548568
15 1.127586 -0.600068
15 1.133254 -0.653668
15 1.138922 -0.708268
15 1.144589 -0.763368
15 1.150257 -0.818568
15 1.155925 -0.873868
15 1.161593 -0.928968
15 1.167261 -0.983668
15 1.172929 -1.037768
15 1.178597 -1.090868
15 1.184265 -1.142068
15 1.189933 -1.190068
15 1.195601 -1.232168
15 1.201268 -1.263068
15 1.206936 -1.274968
16 0.0 -0.547468
16 0.004909 -0.547168
16 0.009817 -0.546368
16 0.014726 -0.545068
16 0.019634 -0.543168
16 0.024543 -0.540768
16 0.029451 -0.537768
16 0.03436 -0.534268
16 0.039268 -0.530068
16 0.044177 -0.525468
16 0.049086 -0.520168
16 0.053994 -0.514268
16 0.058903 -0.507768
16 0.063811 -0.500568
16 0.06872 -0.492668
16 0.073628 -0.484068
16 0.078537 -0.474768
16 0.083445 -0.464568
16 0.088354 -0.423268
16 0.093262 -0.364768
16 0.098171 -0.305668
16 0.10308 -0.246068
16 0.107988 -0.185968
16 0.112897 -0.125268
16 0.117805 -0.064168
16 0.122714 -0.002568
16 0.127622 0.059632
16 0.132531 0.122232
16 0.137439 0.185332
16 0.142348 0.248932
16 0.147257 0.313032
16 0.152165 0.377532
16 0.157074 0.442532
16 0.161982 0.508032
16 0.166891 0.573932
16 0.171799 0.640332
16 0.176708 0.707132
16 0.181616 0.774432
16 0.186525 0.842232
16 0.191433 0.910332
16 0.196342 0.978932
16 0.201251 1.048032
16 0.206159 1.117532
16 0.211068 1.187432
16 0.215976 1.257732
16 0.220885 1.328532
16 0.225793 1.399632
16 0.230702 1.471232
16 0.23561 1.543232
16 0.240519 1.615532
16 0.245428 1.688332
16 0.250336 1.761532
16 0.255245 1.835032
16 0.260153 1.909032
16 0.265062 1.983332
16 0.26997 2.057932
16 0.274879 2.133032
16 0.279787 2.208432
16 0.284696 2.284132
16 0.289604 2.360232
16 0.294513 2.436632
16 0.299422 2.513432
16 0.30433 2.590432
16 0.309239 2.667832
16 0.314147 2.745532
16 0.319056 2.823532
16 0.323964 2.901832
16 0.328873 2.980332
16 0.333781 3.059232
16 0.33869 3.138232
16 0.343599 3.217532
16 0.348507 3.297132
16 0.353416 3.376932
16 0.358324 3.456832
16 0.363233 3.537032
16 0.368141 3.617432
16 0.37305 3.697932
16 0.377958 3.778632
16 0.382867 3.859532
16 0.387776 3.940432
16 0.392684 4.021532
16 0.397593 4.102732
16 0.402501 4.183932
16 0.40741 4.265232
16 0.412318 4.346632
16 0.417227 4.428032
16 0.422135 4.509332
16 0.427044 4.590732
16 0.431952 4.671932
16 0.436861 4.752632
16 0.44177 4.820532
16 0.444604 4.820232
16 0.447437 4.819532
16 0.450271 4.818432
16 0.453105 4.816832
16 0.455939 4.814732
16 0.458773 4.812132
16 0.461607 4.809132
16 0.464441 4.805632
16 0.467275 4.801732
16 0.470109 4.797332
16 0.472943 4.792532
16 0.475777 4.787232
16 0.478611 4.781532
16 0.481445 4.775332
16 0.484279 4.768732
16 0.487113 4.761632
16 0.489947 4.754232
16 0.492781 4.746332
16 0.495615 4.737932
16 0.498449 4.729232
16 0.501282 4.720032
16 0.504116 4.710432
16 0.50695 4.700432
16 0.509784 4.690032
16 0.512618 4.679232
16 0.515452 4.668032
16 0.518286 4.656432
16 0.52112 4.644532
16 0.523954 4.632132
16 0.526788 4.619432
16 0.529622 4.606332
16 0.532456 4.592932
16 0.53529 4.579132
16 0.538124 4.564932
16 0.540958 4.550432
16 0.543792 4.535632
16 0.546626 4.520432
16 0.54946 4.504932
16 0.552294 4.489032
16 0.555128 4.472932
16 0.557961 4.456432
16 0.560795 4.439632
16 0.563629 4.422632
16 0.566463 4.405232
16 0.569297 4.387532
16 0.572131 4.369632
16 0.574965 4.351432
16 0.577799 4.332932
16 0.580633 4.314132
16 0.583467 4.295132
16 0.586301 4.275832
16 0.589135 4.256332
16 0.591969 4.236532
16 0.594803 4.216532
16 0.597637 4.196232
16 0.600471 4.175732
16 0.603305 4.155032
16 0.606139 4.134132
16 0.608973 4.113032
16 0.611806 4.091632
16 0.61464 4.070132
16 0.617474 4.048332
16 0.620308 4.026432
16 0.623142 4.004332
16 0.625976 3.982032
16 0.62881 3.959532
16 0.631644 3.936932
16 0.634478 3.914132
16 0.637312 3.891132
16 0.640146 3.867932
16 0.64298 3.844732
16 0.645814 3.821232
16 0.648648 3.797632
16 0.651482 3.773932
16 0.654316 3.750132
16 0.65715 3.726132
16 0.659984 3.702032
16 0.662818 3.677832
16 0.665651 3.653432
16 0.668485 3.628932
16 0.671319 3.604432
16 0.674153 3.579732
16 0.676987 3.554932
16 0.679821 3.530032
16 0.682655 3.505132
16 0.685489 3.480032
16 0.688323 3.454832
16 0.691157 3.429632
16 0.693991 3.404332
16 0.696825 3.378932
16 0.702493 3.379832
16 0.708161 3.338032
16 0.713829 3.289432
16 0.719497 3.238332
16 0.725164 3.185632
16 0.730832 3.131932
16 0.7365 3.078032
16 0.742168 3.024132
16 0.747836 2.970732
16 0.753504 2.917732
16 0.759172 2.865032
16 0.76484 2.812632
16 0.770508 2.760332
16 0.776176 2.708232
16 0.781844 2.656032
16 0.787511 2.603932
16 0.793179 2.551732
16 0.798847 2.499532
16 0.804515 2.447432
16 0.810183 2.395132
16 0.815851 2.342932
16 0.821519 2.290732
16 0.827187 2.238432
16 0.832855 2.186132
16 0.838523 2.133932
16 0.84419 2.081632
16 0.849858 2.029332
16 0.855526 1.977132
16 0.861194 1.924832
16 0.866862 1.872632
16 0.87253 1.820332
16 0.878198 1.768132
16 0.883866 1.715832
16 0.889534 1.663632
16 0.895202 1.611332
16 0.90087 1.559132
16 0.906537 1.506832
16 0.912205 1.454532
16 0.917873 1.402232
16 0.923541 1.349932
16 0.929209 1.297632
16 0.934877 1.245232
16 0.940545 1.192832
16 0.946213 1.140432
16 0.951881 1.087932
16 0.957549 1.035332
16 0.963216 0.982832
16 0.968884 0.930132
16 0.974552 0.877432
16 0.98022 0.824632
16 0.985888 0.771732
16 0.991556 0.718832
16 0.997224 0.665732
16 1.002892 0.612632
16 1.00856 0.559332
16 1.014228 0.506032
16 1.019896 0.452532
16 1.025563 0.399032
16 1.031231 0.345332
16 1.036899 0.291532
16 1.042567 0.237632
16 1.048235 0.183632
16 1.053903 0.129532
16 1.059571 0.075232
16 1.065239 0.020932
16 1.070907 -0.033368
16 1.076575 -0.087868
16 1.082242 -0.142168
16 1.08791 -0.196468
16 1.093578 -0.250368
16 1.099246 -0.303568
16 1.104914 -0.354668
16 1.110582 -0.400468
16 1.11625 -0.434268
16 1.121918 -0.455668
16 1.127586 -0.470768
16 1.133254 -0.482868
16 1.138922 -0.493368
16 1.144589 -0.502468
16 1.150257 -0.510668
16 1.155925 -0.517868
16 1.161593 -0.524168
16 1.167261 -0.529768
16 1.172929 -0.534468
16 1.178597 -0.538468
16 1.184265 -0.541768
16 1.189933 -0.544268
16 1.195601 -0.545968
16 1.201268 -0.547068
16 1.206936 -0.547468
17 0.0 5.532532
17 0.004909 5.532232
17 0.009817 5.531532
17 0.014726 5.530332
17 0.019634 5.528632
17 0.024543 5.526532
17 0.029451 5.523932
17 0.03436 5.520832
17 0.039268 5.517332
17 0.044177 5.513432
17 0.049086 5.509132
17 0.053994 5.504532
17 0.058903 5.499532
17 0.063811 5.494232
17 0.06872 5.488732
17 0.073628 5.483032
17 0.078537 5.477132
17 0.083445 5.471232
17 0.088354 5.465232
17 0.093262 5.459232
17 0.098171 5.453332
17 0.10308 5.447632
17 0.107988 5.442132
17 0.112897 5.436932
17 0.117805 5.432032
17 0.122714 5.427532
17 0.127622 5.423532
17 0.132531 5.419932
17 0.137439 5.416932
17 0.142348 5.414532
17 0.147257 5.412832
17 0.152165 5.411632
17 0.157074 5.411232
17 0.161982 5.411432
17 0.166891 5.412432
17 0.171799 5.414132
17 0.176708 5.416432
17 0.181616 5.419532
17 0.186525 5.423232
17 0.191433 5.427532
17 0.196342 5.432532
17 0.201251 5.438132
17 0.206159 5.444132
17 0.211068 5.450632
17 0.215976 5.457532
17 0.220885 5.464732
17 0.225793 5.472132
17 0.230702 5.479532
17 0.23561 5.486932
17 0.240519 5.494132
17 0.245428 5.500932
17 0.250336 5.507232
17 0.255245 5.512732
17 0.260153 5.517132
17 0.265062 5.520432
17 0.26997 5.522232
17 0.274879 5.522232
17 0.279787 5.520332
17 0.284696 5.516332
17 0.289604 5.509932
17 0.294513 5.501232
17 0.299422 5.490032
17 0.30433 5.476532
17 0.309239 5.461032
17 0.314147 5.443632
17 0.319056 5.424832
17 0.323964 5.405032
17 0.328873 5.384932
17 0.333781 5.364832
17 0.33869 5.345632
17 0.343599 5.327732
17 0.348507 5.311932
17 0.353416 5.298832
17 0.358324 5.289132
17 0.363233 5.283432
17 0.368141 5.282432
17 0.37305 5.286732
17 0.377958 5.297032
17 0.382867 5.313732
17 0.387776 5.337132
17 0.392684 5.367432
17 0.397593 5.404332
17 0.402501 5.447232
17 0.40741 5.401932
17 0.412318 5.321432
17 0.417227 5.240832
17 0.422135 5.160132
17 0.427044 5.079232
17 0.431952 4.998432
17 0.436861 4.917932
17 0.44177 4.850032
17 0.444604 4.849832
17 0.447437 4.849132
17 0.450271 4.848032
17 0.453105 4.846432
17 0.455939 4.844432
17 0.458773 4.841932
17 0.461607 4.839032
17 0.464441 4.835632
17 0.467275 4.831832
17 0.470109 4.827532
17 0.472943 4.822832
17 0.475777 4.817732
17 0.478611 4.812132
17 0.481445 4.806132
17 0.484279 4.799732
17 0.487113 4.792832
17 0.489947 4.785532
17 0.492781 4.777832
17 0.495615 4.769732
17 0.498449 4.761232
17 0.501282 4.752232
17 0.504116 4.742932
17 0.50695 4.733132
17 0.509784 4.723032
17 0.512618 4.712532
17 0.515452 4.701532
17 0.518286 4.690232
17 0.52112 4.678632
17 0.523954 4.666532
17 0.526788 4.654132
17 0.529622 4.641332
17 0.532456 4.628232
17 0.53529 4.614732
17 0.538124 4.600932
17 0.540958 4.586732
17 0.543792 4.572232
17 0.546626 4.557432
17 0.54946 4.542332
17 0.552294 4.526832
17 0.555128 4.511032
17 0.557961 4.495032
17 0.560795 4.478632
17 0.563629 4.461932
17 0.566463 4.445032
17 0.569297 4.427732
17 0.572131 4.410232
17 0.574965 4.392432
17 0.577799 4.374432
17 0.580633 4.356132
17 0.583467 4.337532
17 0.586301 4.318732
17 0.589135 4.299732
17 0.591969 4.280432
17 0.594803 4.260932
17 0.597637 4.241232
17 0.600471 4.221232
17 0.603305 4.201132
17 0.606139 4.180732
17 0.608973 4.160132
17 0.611806 4.139332
17 0.61464 4.118432
17 0.617474 4.097332
17 0.620308 4.075932
17 0.623142 4.054432
17 0.625976 4.032832
17 0.62881 4.011032
17 0.631644 3.989032
17 0.634478 3.966932
17 0.637312 3.944632
17 0.640146 3.922232
17 0.64298 3.899632
17 0.645814 3.877032
17 0.648648 3.854232
17 0.651482 3.831332
17 0.654316 3.808232
17 0.65715 3.785132
17 0.659984 3.761932
17 0.662818 3.738632
17 0.665651 3.715232
17 0.668485 3.691832
17 0.671319 3.668332
17 0.674153 3.644832
17 0.676987 3.621332
17 0.679821 3.597932
17 0.682655 3.574532
17 0.685489 3.551432
17 0.688323 3.528932
17 0.691157 3.507532
17 0.693991 3.489232
17 0.696825 3.480132
17 0.702493 3.530032
17 0.708161 3.622432
17 0.713829 3.721132
17 0.719497 3.821532
17 0.725164 3.922732
17 0.730832 4.024332
17 0.7365 4.126232
17 0.742168 4.228232
17 0.747836 4.330232
17 0.753504 4.432332
17 0.759172 4.534232
17 0.76484 4.636032
17 0.770508 4.737532
17 0.776176 4.838632
17 0.781844 4.939232
17 0.787511 5.038232
17 0.793179 5.129532
17 0.798847 5.169132
17 0.804515 5.182932
17 0.810183 5.198832
17 0.815851 5.218232
17 0.821519 5.241032
17 0.827187 5.266532
17 0.832855 5.294132
17 0.838523 5.323332
17 0.84419 5.353432
17 0.849858 5.383932
17 0.855526 5.414132
17 0.861194 5.443532
17 0.866862 5.471532
17 0.87253 5.497532
17 0.878198 5.521032
17 0.883866 5.541732
17 0.889534 5.559232
17 0.895202 5.573132
17 0.90087 5.583632
17 0.906537 5.590532
17 0.912205 5.594132
17 0.917873 5.594632
17 0.923541 5.592432
17 0.929209 5.587832
17 0.934877 5.581232
17 0.940545 5.572932
17 0.946213 5.563432
17 0.951881 5.552932
17 0.957549 5.541732
17 0.963216 5.530232
17 0.968884 5.518432
17 0.974552 5.506832
17 0.98022 5.495432
17 0.985888 5.484332
17 0.991556 5.473832
17 0.997224 5.463932
17 1.002892 5.454832
17 1.00856 5.446532
17 1.014228 5.439132
17 1.019896 5.432632
17 1.025563 5.427132
17 1.031231 5.422632
17 1.036899 5.419232
17 1.042567 5.416832
17 1.048235 5.415432
17 1.053903 5.415132
17 1.059571 5.415732
17 1.065239 5.417332
17 1.070907 5.419832
17 1.076575 5.423132
17 1.082242 5.427132
17 1.08791 5.431932
17 1.093578 5.437232
17 1.099246 5.443132
17 1.104914 5.449332
17 1.110582 5.455832
17 1.11625 5.462632
17 1.121918 5.469432
17 1.127586 5.476332
17 1.133254 5.483032
17 1.138922 5.489632
17 1.144589 5.495832
17 1.150257 5.501832
17 1.155925 5.507332
17 1.161593 5.512432
17 1.167261 5.517032
17 1.172929 5.521032
17 1.178597 5.524532
17 1.184265 5.527332
17 1.189933 5.529632
17 1.195601 5.531232
17 1.201268 5.532232
17 1.206936 5.532532
18 0.0 6.787332
18 0.004909 6.787532
18 0.009817 6.787932
18 0.014726 6.788832
18 0.019634 6.789932
18 0.024543 6.791432
18 0.029451 6.793332
18 0.03436 6.795432
18 0.039268 6.797932
18 0.044177 6.800832
18 0.049086 6.804032
18 0.053994 6.807532
18 0.058903 6.811432
18 0.063811 6.815632
18 0.06872 6.820232
18 0.073628 6.825232
18 0.078537 6.830532
18 0.083445 6.836232
18 0.088354 6.842232
18 0.093262 6.848632
18 0.098171 6.855432
18 0.10308 6.862632
18 0.107988 6.870132
18 0.112897 6.877932
18 0.117805 6.886132
18 0.122714 6.894732
18 0.127622 6.903532
18 0.132531 6.912632
18 0.137439 6.922032
18 0.142348 6.931632
18 0.147257 6.941332
18 0.152165 6.951232
18 0.157074 6.961132
18 0.161982 6.970932
18 0.166891 6.980532
18 0.171799 6.989832
18 0.176708 6.998732
18 0.181616 7.006932
18 0.186525 7.014132
18 0.191433 7.020232
18 0.196342 7.024632
18 0.201251 7.027132
18 0.206159 7.027232
18 0.211068 7.024532
18 0.215976 7.018732
18 0.220885 7.009632
18 0.225793 6.997032
18 0.230702 6.981032
18 0.23561 6.961832
18 0.240519 6.939732
18 0.245428 6.915032
18 0.250336 6.888432
18 0.255245 6.860232
18 0.260153 6.831132
18 0.265062 6.801832
18 0.26997 6.772832
18 0.274879 6.744632
18 0.279787 6.718032
18 0.284696 6.693432
18 0.289604 6.671132
18 0.294513 6.651632
18 0.299422 6.634832
18 0.30433 6.620632
18 0.309239 6.608032
18 0.314147 6.594632
18 0.319056 6.575032
18 0.323964 6.542332
18 0.328873 6.497132
18 0.333781 6.446232
18 0.33869 6.393732
18 0.343599 6.341732
18 0.348507 6.290932
18 0.353416 6.241932
18 0.358324 6.192732
18 0.363233 6.115032
18 0.368141 6.037032
18 0.37305 5.958632
18 0.377958 5.879932
18 0.382867 5.800932
18 0.387776 5.721632
18 0.392684 5.642032
18 0.397593 5.562232
18 0.402501 5.482132
18 0.40741 5.494832
18 0.412318 5.545432
18 0.417227 5.596432
18 0.422135 5.644932
18 0.427044 5.687832
18 0.431952 5.722132
18 0.436861 5.745232
18 0.44177 5.754132
18 0.444604 5.754232
18 0.447437 5.754532
18 0.450271 5.754932
18 0.453105 5.755432
18 0.455939 5.756232
18 0.458773 5.757132
18 0.461607 5.758132
18 0.464441 5.759332
18 0.467275 5.760732
18 0.470109 5.762332
18 0.472943 5.764032
18 0.475777 5.765832
18 0.478611 5.767832
18 0.481445 5.770032
18 0.484279 5.772332
18 0.487113 5.774832
18 0.489947 5.777532
18 0.492781 5.780332
18 0.495615 5.783232
18 0.498449 5.786332
18 0.501282 5.789632
18 0.504116 5.793032
18 0.50695 5.796532
18 0.509784 5.800332
18 0.512618 5.804132
18 0.515452 5.808132
18 0.518286 5.811032
18 0.52112 5.813132
18 0.523954 5.815232
18 0.526788 5.817432
18 0.529622 5.819632
18 0.532456 5.821932
18 0.53529 5.824232
18 0.538124 5.826632
18 0.540958 5.828932
18 0.543792 5.831432
18 0.546626 5.833832
18 0.54946 5.836232
18 0.552294 5.838732
18 0.555128 5.841232
18 0.557961 5.843632
18 0.560795 5.846132
18 0.563629 5.848532
18 0.566463 5.850932
18 0.569297 5.853332
18 0.572131 5.855632
18 0.574965 5.857932
18 0.577799 5.860132
18 0.580633 5.862232
18 0.583467 5.864332
18 0.586301 5.866332
18 0.589135 5.868232
18 0.591969 5.870032
18 0.594803 5.871632
18 0.597637 5.873332
18 0.600471 5.874832
18 0.603305 5.876332
18 0.606139 5.877732
18 0.608973 5.879232
18 0.611806 5.880632
18 0.61464 5.882232
18 0.617474 5.883832
18 0.620308 5.885732
18 0.623142 5.887832
18 0.625976 5.890232
18 0.62881 5.893032
18 0.631644 5.896232
18 0.634478 5.899932
18 0.637312 5.904132
18 0.640146 5.908832
18 0.64298 5.914132
18 0.645814 5.920032
18 0.648648 5.926432
18 0.651482 5.933332
18 0.654316 5.940732
18 0.65715 5.948532
18 0.659984 5.956632
18 0.662818 5.965132
18 0.665651 5.973832
18 0.668485 5.982632
18 0.671319 5.991632
18 0.674153 6.000632
18 0.676987 6.009632
18 0.679821 6.018532
18 0.682655 6.027332
18 0.685489 6.036032
18 0.688323 6.044432
18 0.691157 6.052532
18 0.693991 6.059632
18 0.696825 6.062632
18 0.702493 6.048332
18 0.708161 6.025532
18 0.713829 5.994432
18 0.719497 5.949032
18 0.725164 5.883632
18 0.730832 5.797932
18 0.7365 5.699532
18 0.742168 5.598632
18 0.747836 5.503432
18 0.753504 5.418932
18 0.759172 5.347432
18 0.76484 5.289732
18 0.770508 5.245332
18 0.776176 5.213232
18 0.781844 5.192332
18 0.787511 5.182232
18 0.793179 5.187732
18 0.798847 5.251732
18 0.804515 5.347232
18 0.810183 5.445232
18 0.815851 5.543332
18 0.821519 5.641232
18 0.827187 5.738532
18 0.832855 5.835232
18 0.838523 5.931132
18 0.84419 6.026232
18 0.849858 6.120332
18 0.855526 6.213132
18 0.861194 6.303932
18 0.866862 6.390732
18 0.87253 6.464632
18 0.878198 6.505632
18 0.883866 6.526732
18 0.889534 6.544132
18 0.895202 6.561632
18 0.90087 6.580132
18 0.906537 6.599832
18 0.912205 6.620632
18 0.917873 6.642132
18 0.923541 6.663932
18 0.929209 6.685532
18 0.934877 6.706532
18 0.940545 6.726732
18 0.946213 6.745632
18 0.951881 6.763232
18 0.957549 6.779332
18 0.963216 6.793932
18 0.968884 6.807132
18 0.974552 6.818832
18 0.98022 6.829232
18 0.985888 6.838332
18 0.991556 6.846232
18 0.997224 6.853032
18 1.002892 6.858732
18 1.00856 6.863432
18 1.014228 6.867132
18 1.019896 6.869932
18 1.025563 6.871932
18 1.031231 6.873132
18 1.036899 6.873632
18 1.042567 6.873432
18 1.048235 6.872532
18 1.053903 6.871032
18 1.059571 6.869132
18 1.065239 6.866632
18 1.070907 6.863832
18 1.076575 6.860632
18 1.082242 6.857132
18 1.08791 6.853332
18 1.093578 6.849332
18 1.099246 6.845232
18 1.104914 6.840932
18 1.110582 6.836632
18 1.11625 6.832232
18 1.121918 6.827832
18 1.127586 6.823532
18 1.133254 6.819332
18 1.138922 6.815232
18 1.144589 6.811232
18 1.150257 6.807432
18 1.155925 6.803932
18 1.161593 6.800632
18 1.167261 6.797632
18 1.172929 6.795032
18 1.178597 6.792732
18 1.184265 6.790832
18 1.189933 6.789232
18 1.195601 6.788232
18 1.201268 6.787532
18 1.206936 6.787332
