1 0.0 -11.35550337464422
1 0.004307810554168854 -11.35505742411379
1 0.008615621108337707 -11.353719659274068
1 0.01292343166250656 -11.3514903403491
1 0.017231242216675415 -11.348369900943267
1 0.021539052770844266 -11.344358947887777
1 0.02584686332501312 -11.339458261025992
1 0.030154673879181974 -11.333668792937733
1 0.03446248443335083 -11.326991668602766
1 0.03877029498751968 -11.319428185003801
1 0.04307810554168853 -11.31097981066929
1 0.047385916095857385 -11.301648185156461
1 0.05169372665002624 -11.29143511847499
1 0.056001537204195095 -11.280342590451749
1 0.06030934775836395 -11.268372750037285
1 0.0646171583125328 -11.255527914554419
1 0.06892496886670166 -11.241810568889715
1 0.0732327794208705 -11.227223364628516
1 0.07754058997503936 -11.211769119134011
1 0.0818484005292082 -11.195450814571412
1 0.08615621108337707 -11.178271596877748
1 0.09046402163754592 -11.16023477467826
1 0.09477183219171477 -11.14134381815018
1 0.09907964274588364 -11.12160235783488
1 0.10338745330005247 -11.101014183399256
1 0.10769526385422135 -11.0795832423474
1 0.11200307440839019 -11.057313638683514
1 0.11631088496255905 -11.034209631527172
1 0.1206186955167279 -11.010275633682054
1 0.12492650607089675 -10.985516210159263
1 0.1292343166250656 -10.959936076656348
1 0.13354212717923447 -10.933540097993415
1 0.13784993773340332 -10.906333286507415
1 0.1421577482875722 -10.878320800406039
1 0.146465558841741 -10.849507942082528
1 0.1507733693959099 -10.819900156392817
1 0.15508117995007872 -10.789503028896409
1 0.1593889905042476 -10.75832228406261
1 0.1636968010584164 -10.72636378344354
1 0.16800461161258531 -10.693633523815567
1 0.17231242216675413 -10.660137635290926
1 0.176620232720923 -10.625882379401123
1 0.18092804327509185 -10.590874147154045
1 0.18523585382926072 -10.555119457066537
1 0.18954366438342954 -10.518624953174447
1 0.19385147493759844 -10.48139740302221
1 0.19815928549176728 -10.443443695633965
1 0.2024670960459361 -10.404770839468489
1 0.20677490660010495 -10.365385960360324
1 0.21108271715427385 -10.32529629944933
1 0.2153905277084427 -10.284509211101291
1 0.2196983382626115 -10.243032160822375
1 0.22400614881678038 -10.200872723170082
1 0.22831395937094925 -10.158038579663712
1 0.2326217699251181 -10.114537516697668
1 0.23692958047928692 -10.07037742346083
1 0.2412373910334558 -10.02556628986574
1 0.24554520158762466 -9.980112204491679
1 0.2498530121417935 -9.93402335254576
1 0.25416082269596235 -9.887308013847035
1 0.2584686332501312 -9.839974560838856
1 0.2627764438043001 -9.792031456635511
1 0.26708425435846894 -9.743487253110251
1 0.2713920649126378 -9.694350589032487
1 0.27569987546680663 -9.64463018826413
1 0.2800076860209755 -9.594334858026354
1 0.2843154965751444 -9.543473487251593
1 0.2886233071293132 -9.492055045038637
1 0.292931117683482 -9.440088579234862
1 0.2972389282376509 -9.387583215176827
1 0.3015467387918198 -9.334548154632262
1 0.3058545493459886 -9.280992675003043
1 0.31016235990015745 -9.226926128874931
1 0.3144701704543263 -9.17235794403978
1 0.3187779810084952 -9.117297624180217
1 0.32308579156266404 -9.061754750511886
1 0.3273936021168328 -9.005738984856416
1 0.3317014126710017 -8.949260074929025
1 0.33600922322517063 -8.892327863189918
1 0.3403170337793394 -8.83495230168181
1 0.34462484433350826 -8.777143477421719
1 0.34893265488767716 -8.718911657473148
1 0.353240465441846 -8.660267373240263
1 0.35754827599601485 -8.60122158955249
1 0.3618560865501837 -8.54178607694087
1 0.36616389710435254 -8.481974342001838
1 0.37047170765852144 -8.42180441527227
1 0.3747795182126903 -8.36130997456642
1 0.3790873287668591 -8.30061754998323
1 0.383395139321028 -8.24647928134499
1 0.383395139321028 -8.24647928134499
1 0.3858822549040953 -8.246365511824504
1 0.38836937048716264 -8.246024209921984
1 0.3908564860702299 -8.24545539561393
1 0.39334360165329724 -8.244659102193786
1 0.39583071723636454 -8.243635376270735
1 0.3983178328194319 -8.242384277768247
1 0.40080494840249914 -8.24090587992196
1 0.4032920639855665 -8.239200269277308
1 0.40577917956863374 -8.237267545686626
1 0.40826629515170104 -8.235107822305812
1 0.4107534107347684 -8.232721225590685
1 0.4132405263178357 -8.230107895292843
1 0.41572764190090306 -8.227267984455178
1 0.4182147574839703 -8.224201659407035
1 0.42070187306703766 -8.220909099758936
1 0.4231889886501049 -8.217390498397076
1 0.42567610423317226 -8.213646061477435
1 0.42816321981623956 -8.209676008419557
1 0.4306503353993069 -8.205480571900146
1 0.4331374509823742 -8.20105999784634
1 0.4356245665654416 -8.196414545428771
1 0.4381116821485089 -8.19154448705449
1 0.4405987977315762 -8.186450108359638
1 0.4430859133146435 -8.18113170820211
1 0.4455730288977108 -8.175589598654039
1 0.4480601444807781 -8.1698241049943
1 0.4505472600638454 -8.163835565701003
1 0.4530343756469127 -8.157624332444103
1 0.45552149122998 -8.15119077007803
1 0.4580086068130473 -8.144535256634605
1 0.4604957223961146 -8.13765818331621
1 0.46298283797918194 -8.130559954489232
1 0.46546995356224924 -8.123240987678027
1 0.4679570691453166 -8.115701713559321
1 0.4704441847283839 -8.107942575957377
1 0.4729313003114512 -8.099964031839797
1 0.47541841589451855 -8.091766551314345
1 0.47790553147758585 -8.083350617626767
1 0.4803926470606532 -8.074716727159968
1 0.4828797626437205 -8.065865389434512
1 0.48536687822678787 -8.05679712711098
1 0.48785399380985517 -8.047512475994221
1 0.4903411093929225 -8.03801198503993
1 0.4928282249759898 -8.02829621636399
1 0.4953153405590572 -8.018365745254792
1 0.4978024561421245 -8.008221160189324
1 0.5002895717251917 -7.997863062853424
1 0.5027766873082591 -7.987292068167036
1 0.5052638028913263 -7.976508804315238
1 0.5077509184743937 -7.965513912786148
1 0.5102380340574609 -7.954308048416845
1 0.5127251496405283 -7.942891879448876
1 0.5152122652235956 -7.9312660875951
1 0.5176993808066629 -7.919431368120106
1 0.5201864963897301 -7.907388429936901
1 0.5226736119727974 -7.895137995723248
1 0.5251607275558647 -7.882680802061848
1 0.5276478431389321 -7.870017599609617
1 0.5301349587219994 -7.857149153302682
1 0.5326220743050667 -7.84407624260559
1 0.535109189888134 -7.8307996618155045
1 0.5375963054712014 -7.817320220435482
1 0.5400834210542687 -7.803638743635053
1 0.542570536637336 -7.789756072822265
1 0.5450576522204034 -7.7756730663591735
1 0.5475447678034707 -7.761390600463966
1 0.550031883386538 -7.746909570358374
1 0.5525189989696053 -7.732230891741178
1 0.5550061145526727 -7.717355502700773
1 0.55749323013574 -7.702284366226783
1 0.5599803457188073 -7.687018473551353
1 0.5624674613018746 -7.671558848658091
1 0.564954576884942 -7.655906554464177
1 0.5674416924680094 -7.640062701447753
1 0.5699288080510766 -7.6240284599292005
1 0.572415923634144 -7.60780507794963
1 0.5749030392172113 -7.591393907968462
1 0.5773901548002787 -7.574796447911647
1 0.5798772703833459 -7.558014406456533
1 0.5823643859664133 -7.541049811069841
1 0.5848515015494806 -7.523905195454274
1 0.5873386171325479 -7.506583943961824
1 0.5898257327156152 -7.489090971044579
1 0.5923128482986826 -7.471434188949288
1 0.5947999638817499 -7.453628083417575
1 0.5972870794648172 -7.435704023797232
1 0.5997741950478845 -7.417748700265733
1 0.6022613106309519 -7.400130399910938
1 0.6047484262140193 -7.3873961068791365
1 0.6047484262140193 -7.3873961068791365
1 0.6097226573801539 -7.447851344408581
1 0.6146968885462885 -7.521728747355337
1 0.619671119712423 -7.595714124178361
1 0.6246453508785575 -7.669495967050954
1 0.6296195820446923 -7.743001608908127
1 0.6345938132108268 -7.816196686223429
1 0.6395680443769614 -7.889057563141784
1 0.644542275543096 -7.961564577021873
1 0.6495165067092307 -8.03369981865398
1 0.6544907378753652 -8.105446255361986
1 0.6594649690414998 -8.176787337968111
1 0.6644392002076344 -8.247706807987742
1 0.6694134313737691 -8.318188596747564
1 0.6743876625399036 -8.388216770272212
1 0.6793618937060381 -8.457775498498345
1 0.6843361248721728 -8.526849038135705
1 0.6893103560383074 -8.595421723537468
1 0.694284587204442 -8.663477962455785
1 0.6992588183705765 -8.731002234876733
1 0.7042330495367112 -8.797979093852616
1 0.7092072807028458 -8.864393167661929
1 0.7141815118689804 -8.93022916287067
1 0.7191557430351149 -8.995471868016269
1 0.7241299742012495 -9.060106157727953
1 0.7291042053673842 -9.124116997156005
1 0.7340784365335187 -9.187489446621113
1 0.7390526676996534 -9.250208666420527
1 0.7440268988657879 -9.312259921745035
1 0.7490011300319226 -9.373628587673107
1 0.7539753611980571 -9.434300154216352
1 0.7589495923641918 -9.494260231397066
1 0.7639238235303264 -9.5534945543423
1 0.7688980546964611 -9.611988988382477
1 0.7738722858625957 -9.669729534144551
1 0.7788465170287304 -9.72670233263166
1 0.7838207481948649 -9.782893670282247
1 0.7887949793609995 -9.838289984002916
1 0.7937692105271341 -9.892877866169774
1 0.7987434416932687 -9.94664406959373
1 0.8037176728594034 -9.999575512445675
1 0.808691904025538 -10.051659283137862
1 0.8136661351916727 -10.102882645157898
1 0.8186403663578073 -10.1532330418524
1 0.823614597523942 -10.202698101157091
1 0.8285888286900766 -10.251265640270688
1 0.8335630598562113 -10.298923670269769
1 0.8385372910223458 -10.345660400662144
1 0.8435115221884805 -10.39146424387616
1 0.8484857533546151 -10.4363238196837
1 0.8534599845207497 -10.480227959554435
1 0.8584342156868843 -10.523165710939175
1 0.8634084468530189 -10.565126341480163
1 0.8683826780191536 -10.606099343146111
1 0.8733569091852882 -10.64607443629005
1 0.8783311403514228 -10.685041573627856
1 0.8833053715175574 -10.72299094413556
1 0.8882796026836921 -10.759912976863449
1 0.8932538338498267 -10.795798344665139
1 0.8982280650159613 -10.830637967839646
1 0.9032022961820959 -10.86442301768476
1 0.9081765273482306 -10.897144919959805
1 0.9131507585143652 -10.928795358255995
1 0.9181249896804997 -10.959366277272833
1 0.9230992208466344 -10.988849885998508
1 0.928073452012769 -11.017238660792906
1 0.9330476831789037 -11.044525348371288
1 0.9380219143450382 -11.07070296868719
1 0.942996145511173 -11.095764817712755
1 0.9479703766773075 -11.119704470114952
1 0.9529446078434423 -11.142515781826123
1 0.9579188390095768 -11.164192892507225
1 0.9628930701757115 -11.184730227902271
1 0.9678673013418461 -11.204122502082523
1 0.9728415325079808 -11.22236471957882
1 0.9778157636741153 -11.239452177400834
1 0.9827899948402499 -11.255380466941654
1 0.9877642260063846 -11.270145475766485
1 0.9927384571725192 -11.283743389284128
1 0.9977126883386538 -11.29617069230004
1 1.0026869195047885 -11.307424170449782
1 1.007661150670923 -11.317500911511765
1 1.0126353818370577 -11.326398306598186
1 1.0176096130031922 -11.33411405122337
1 1.022583844169327 -11.340646146248524
1 1.0275580753354616 -11.345992898702116
1 1.0325323065015963 -11.350152922475239
1 1.0375065376677308 -11.353125138891388
1 1.0424807688338653 -11.354908777150118
1 1.047455 -11.35550337464422
2 0.0 -3.4830000000000023
2 0.004307810554168854 -3.483981142370568
2 0.008615621108337707 -3.4870088150117544
2 0.01292343166250656 -3.4923056800575507
2 0.017231242216675415 -3.500145713089096
2 0.021539052770844266 -3.510744006303622
2 0.02584686332501312 -3.5241920685949166
2 0.030154673879181974 -3.540468623390825
2 0.03446248443335083 -3.5594873781838365
2 0.03877029498751968 -3.581137315333739
2 0.04307810554168853 -3.6053034401353505
2 0.047385916095857385 -3.631874192310103
2 0.05169372665002624 -3.6607428841966065
2 0.056001537204195095 -3.691807210367106
2 0.06030934775836395 -3.7249684517737447
2 0.0646171583125328 -3.7601308679306333
2 0.06892496886670166 -3.797201349291137
2 0.0732327794208705 -3.83608927691591
2 0.07754058997503936 -3.8767065171489876
2 0.0818484005292082 -3.918967490899188
2 0.08615621108337707 -3.962789274394052
2 0.09046402163754592 -4.008091703238483
2 0.09477183219171477 -4.054797462800687
2 0.09907964274588364 -4.102832155762106
2 0.10338745330005247 -4.152124342890685
2 0.10769526385422135 -4.202605556451972
2 0.11200307440839019 -4.254210287724354
2 0.11631088496255905 -4.306875951246417
2 0.1206186955167279 -4.360542828989128
2 0.12492650607089675 -4.415153997820083
2 0.1292343166250656 -4.470655243554207
2 0.13354212717923447 -4.526994964664325
2 0.13784993773340332 -4.584124068423701
2 0.1421577482875722 -4.641995861915457
2 0.146465558841741 -4.7005659400015265
2 0.1507733693959099 -4.759792072014135
2 0.15508117995007872 -4.819634088627426
2 0.1593889905042476 -4.880053770091273
2 0.1636968010584164 -4.941014736765791
2 0.16800461161258531 -5.002482342683731
2 0.17231242216675413 -5.064423572686803
2 0.176620232720923 -5.126806943529637
2 0.18092804327509185 -5.189602409217244
2 0.18523585382926072 -5.252781270737452
2 0.18954366438342954 -5.316316090264252
2 0.19385147493759844 -5.380180609839792
2 0.19815928549176728 -5.44434967448871
2 0.2024670960459361 -5.508799159676694
2 0.20677490660010495 -5.573505902993498
2 0.21108271715427385 -5.638447639917276
2 0.2153905277084427 -5.703602943500734
2 0.2196983382626115 -5.768951167808868
2 0.22400614881678038 -5.83447239493165
2 0.22831395937094925 -5.900147385392346
2 0.2326217699251181 -5.965957531772371
2 0.23692958047928692 -6.031884815375743
2 0.2412373910334558 -6.097911765760169
2 0.24554520158762466 -6.164021422966829
2 0.2498530121417935 -6.230197302287076
2 0.25416082269596235 -6.296423361410361
2 0.2584686332501312 -6.36268396980483
2 0.2627764438043001 -6.428963880188594
2 0.26708425435846894 -6.495248201956287
2 0.2713920649126378 -6.5615223764321176
2 0.27569987546680663 -6.627772153826232
2 0.2800076860209755 -6.693983571776414
2 0.2843154965751444 -6.760142935361332
2 0.2886233071293132 -6.826236798474348
2 0.292931117683482 -6.892251946447818
2 0.2972389282376509 -6.958175379816155
2 0.3015467387918198 -7.023994299100269
2 0.3058545493459886 -7.089696090484642
2 0.31016235990015745 -7.155268312237461
2 0.3144701704543263 -7.220698681689179
2 0.3187779810084952 -7.285975062525099
2 0.32308579156266404 -7.351085452046908
2 0.3273936021168328 -7.416017967884225
2 0.3317014126710017 -7.4807608333302005
2 0.33600922322517063 -7.545302359913685
2 0.3403170337793394 -7.609630924750904
2 0.34462484433350826 -7.673734938076916
2 0.34893265488767716 -7.737602791802234
2 0.353240465441846 -7.801222769527648
2 0.35754827599601485 -7.8645828724261575
2 0.3618560865501837 -7.927670442570757
2 0.36616389710435254 -7.990471228795097
2 0.37047170765852144 -8.052966595648337
2 0.3747795182126903 -8.115122397481164
2 0.3790873287668591 -8.176811771444461
2 0.383395139321028 -8.231282378631796
2 0.383395139321028 -8.231282378631796
2 0.3858822549040953 -8.231168601623402
2 0.38836937048716264 -8.230827277204781
2 0.3908564860702299 -8.230258425195379
2 0.39334360165329724 -8.229462078626819
2 0.39583071723636454 -8.228438283741676
2 0.3983178328194319 -8.227187099991838
2 0.40080494840249914 -8.225708600036285
2 0.4032920639855665 -8.224002869738571
2 0.40577917956863374 -8.222070008163616
2 0.40826629515170104 -8.219910127574241
2 0.4107534107347684 -8.217523353427092
2 0.4132405263178357 -8.214909824368192
2 0.41572764190090306 -8.212069692228047
2 0.4182147574839703 -8.209003122016219
2 0.42070187306703766 -8.205710291915635
2 0.4231889886501049 -8.20219139327628
2 0.42567610423317226 -8.198446630608629
2 0.42816321981623956 -8.194476221576574
2 0.4306503353993069 -8.190280396990005
2 0.4331374509823742 -8.18585940079704
2 0.4356245665654416 -8.181213490075754
2 0.4381116821485089 -8.176342935025685
2 0.4405987977315762 -8.171248018958964
2 0.4430859133146435 -8.165929038291068
2 0.4455730288977108 -8.160386302531242
2 0.4480601444807781 -8.15462013427274
2 0.4505472600638454 -8.148630869182616
2 0.4530343756469127 -8.142418855991385
2 0.45552149122998 -8.135984456482378
2 0.4580086068130473 -8.129328045480818
2 0.4604957223961146 -8.12245001084277
2 0.46298283797918194 -8.115350753443883
2 0.46546995356224924 -8.10803068716787
2 0.4679570691453166 -8.100490238894988
2 0.4704441847283839 -8.09272984849025
2 0.4729313003114512 -8.084749968791652
2 0.47541841589451855 -8.076551065598203
2 0.47790553147758585 -8.068133617658056
2 0.4803926470606532 -8.059498116656439
2 0.4828797626437205 -8.050645067203748
2 0.48536687822678787 -8.041574986823546
2 0.48785399380985517 -8.03228840594069
2 0.4903411093929225 -8.022785867869569
2 0.4928282249759898 -8.013067928802338
2 0.4953153405590572 -8.003135157797496
2 0.4978024561421245 -7.992988136768438
2 0.5002895717251917 -7.982627460472441
2 0.5027766873082591 -7.972053736499726
2 0.5052638028913263 -7.961267585262948
2 0.5077509184743937 -7.950269639986887
2 0.5102380340574609 -7.939060546698651
2 0.5127251496405283 -7.927640964218181
2 0.5152122652235956 -7.916011564149274
2 0.5176993808066629 -7.904173030871032
2 0.5201864963897301 -7.892126061529922
2 0.5226736119727974 -7.879871366032405
2 0.5251607275558647 -7.867409667038125
2 0.5276478431389321 -7.854741699953875
2 0.5301349587219994 -7.841868212928276
2 0.5326220743050667 -7.828789966847121
2 0.535109189888134 -7.815507735329721
2 0.5375963054712014 -7.802022304726043
2 0.5400834210542687 -7.788334474114777
2 0.542570536637336 -7.774445055302439
2 0.5450576522204034 -7.76035487282356
2 0.5475447678034707 -7.746064763941934
2 0.550031883386538 -7.7315755786530795
2 0.5525189989696053 -7.716888179687965
2 0.5550061145526727 -7.7020034425180235
2 0.55749323013574 -7.686922255361553
2 0.5599803457188073 -7.671645519191594
2 0.5624674613018746 -7.656174147745352
2 0.564954576884942 -7.640509067535115
2 0.5674416924680094 -7.6246512178609995
2 0.5699288080510766 -7.608601550825357
2 0.572415923634144 -7.592361031349037
2 0.5749030392172113 -7.575930637189629
2 0.5773901548002787 -7.5593113589616605
2 0.5798772703833459 -7.542504200158905
2 0.5823643859664133 -7.525510177178917
2 0.5848515015494806 -7.508330319349849
2 0.5873386171325479 -7.490965668959608
2 0.5898257327156152 -7.473417281287632
2 0.5923128482986826 -7.455686224639066
2 0.5947999638817499 -7.437773580381849
2 0.5972870794648172 -7.419680442986451
2 0.5997741950478845 -7.401407920068675
2 0.6022613106309519 -7.382957132435351
2 0.6047484262140193 -7.364329214133401
2 0.6047484262140193 -7.364329214133401
2 0.6097226573801539 -7.340828548294371
2 0.6146968885462885 -7.302946318851879
2 0.619671119712423 -7.263990658719264
2 0.6246453508785575 -7.224267209576777
2 0.6296195820446923 -7.183842972483926
2 0.6345938132108268 -7.142746853089542
2 0.6395680443769614 -7.100997245831751
2 0.644542275543096 -7.05860879709492
2 0.6495165067092307 -7.015594634079524
2 0.6544907378753652 -6.971967251200036
2 0.6594649690414998 -6.927738913057443
2 0.6644392002076344 -6.882921857646689
2 0.6694134313737691 -6.837528408134889
2 0.6743876625399036 -6.791571039397012
2 0.6793618937060381 -6.745062420783771
2 0.6843361248721728 -6.698015445839013
2 0.6893103560383074 -6.650443254643064
2 0.694284587204442 -6.6023592519486645
2 0.6992588183705765 -6.553777122960182
2 0.7042330495367112 -6.504710847886892
2 0.7092072807028458 -6.4551747159919355
2 0.7141815118689804 -6.405183339619384
2 0.7191557430351149 -6.354751668537726
2 0.7241299742012495 -6.303895004850445
2 0.7291042053673842 -6.252629018669696
2 0.7340784365335187 -6.200969764715521
2 0.7390526676996534 -6.148933699982357
2 0.7440268988657879 -6.096537702602664
2 0.7490011300319226 -6.043799092030709
2 0.7539753611980571 -5.990735650667304
2 0.7589495923641918 -5.937365647045914
2 0.7639238235303264 -5.883707860702579
2 0.7688980546964611 -5.8297816088548355
2 0.7738722858625957 -5.775606775018993
2 0.7788465170287304 -5.721203839699066
2 0.7838207481948649 -5.666593913285447
2 0.7887949793609995 -5.611798771305567
2 0.7937692105271341 -5.556840892173091
2 0.7987434416932687 -5.501743497585169
2 0.8037176728594034 -5.44653059571986
2 0.808691904025538 -5.391227027386314
2 0.8136661351916727 -5.3358585152795275
2 0.8186403663578073 -5.280451716487265
2 0.823614597523942 -5.225034278390104
2 0.8285888286900766 -5.169634898084389
2 0.8335630598562113 -5.114283385441486
2 0.8385372910223458 -5.059010729894695
2 0.8435115221884805 -5.003849171014637
2 0.8484857533546151 -4.948832272895056
2 0.8534599845207497 -4.8939950023202785
2 0.8584342156868843 -4.839373810622
2 0.8634084468530189 -4.785006719053841
2 0.8683826780191536 -4.730933407414116
2 0.8733569091852882 -4.677195305528091
2 0.8783311403514228 -4.623835687056807
2 0.8833053715175574 -4.570899764926802
2 0.8882796026836921 -4.518434787470333
2 0.8932538338498267 -4.466490134124658
2 0.8982280650159613 -4.415117409258525
2 0.9032022961820959 -4.364370532370743
2 0.9081765273482306 -4.314305822537438
2 0.9131507585143652 -4.264982074570342
2 0.9181249896804997 -4.216460623889453
2 0.9230992208466344 -4.168805396613435
2 0.928073452012769 -4.122082940838106
2 0.9330476831789037 -4.076362434519943
2 0.9380219143450382 -4.031715664826793
2 0.942996145511173 -3.9882169732883144
2 0.9479703766773075 -3.945943160609146
2 0.9529446078434423 -3.9049733446435235
2 0.9579188390095768 -3.8653887648256435
2 0.9628930701757115 -3.827272526370163
2 0.9678673013418461 -3.7907092778737503
2 0.9728415325079808 -3.7557848166389673
2 0.9778157636741153 -3.7225856171803158
2 0.9827899948402499 -3.691198280027141
2 0.9877642260063846 -3.6617089001547978
2 0.9927384571725192 -3.6342023571713535
2 0.9977126883386538 -3.6087615327322013
2 1.0026869195047885 -3.5854664644639422
2 1.007661150670923 -3.5643934497986325
2 1.0126353818370577 -3.545614117326872
2 1.0176096130031922 -3.5291944872840135
2 1.022583844169327 -3.515194046249085
2 1.0275580753354616 -3.503664863698795
2 1.0325323065015963 -3.4946507793735786
2 1.0375065376677308 -3.4881866901939333
2 1.0424807688338653 -3.4842979635356857
2 1.047455 -3.4830000000000023
3 0.0 -3.4829999999999997
3 0.004307810554168854 -3.4831892090508743
3 0.008615621108337707 -3.483756501135001
3 0.01292343166250656 -3.4847008722194484
3 0.017231242216675415 -3.486020652814698
3 0.021539052770844266 -3.487713513788847
3 0.02584686332501312 -3.4897764744402164
3 0.030154673879181974 -3.4922059127626173
3 0.03446248443335083 -3.4949975778199414
3 0.03877029498751968 -3.4981466041315583
3 0.04307810554168853 -3.5016475279550856
3 0.047385916095857385 -3.505494305340856
3 0.05169372665002624 -3.509680331821169
3 0.056001537204195095 -3.514198463588852
3 0.06030934775836395 -3.5190410400122167
3 0.0646171583125328 -3.5241999073288164
3 0.06892496886670166 -3.5296664433573164
3 0.0732327794208705 -3.535431583065493
3 0.07754058997503936 -3.5414858448334123
3 0.0818484005292082 -3.547819357252971
3 0.08615621108337707 -3.5544218863092794
3 0.09046402163754592 -3.561282862794507
3 0.09477183219171477 -3.5683914098118703
3 0.09907964274588364 -3.5757363702348677
3 0.10338745330005247 -3.583306333995658
3 0.10769526385422135 -3.591089665085808
3 0.11200307440839019 -3.5990745281623946
3 0.11631088496255905 -3.607248914662785
3 0.1206186955167279 -3.6156006683414508
3 0.12492650607089675 -3.6241175101530096
3 0.1292343166250656 -3.632787062415364
3 0.13354212717923447 -3.6415968721973666
3 0.13784993773340332 -3.650534433884823
3 0.1421577482875722 -3.6595872108878127
3 0.146465558841741 -3.6687426564614225
3 0.1507733693959099 -3.6779882336196943
3 0.15508117995007872 -3.687311434130712
3 0.1593889905042476 -3.6966997965872226
3 0.1636968010584164 -3.7061409235539324
3 0.16800461161258531 -3.71562249779811
3 0.17231242216675413 -3.725132297615202
3 0.176620232720923 -3.73465821126576
3 0.18092804327509185 -3.744188250543574
3 0.18523585382926072 -3.7537105634985646
3 0.18954366438342954 -3.763213446340317
3 0.19385147493759844 -3.7726853545506454
3 0.19815928549176728 -3.7821149132353447
3 0.2024670960459361 -3.791490926746496
3 0.20677490660010495 -3.8008023876077055
3 0.21108271715427385 -3.810038484775399
3 0.2153905277084427 -3.8191886112692646
3 0.2196983382626115 -3.828242371205336
3 0.22400614881678038 -3.8371895862646856
3 0.22831395937094925 -3.846020301630324
3 0.2326217699251181 -3.854724791424375
3 0.23692958047928692 -3.8632935636767094
3 0.2412373910334558 -3.871717364855404
3 0.24554520158762466 -3.8799871839883115
3 0.2498530121417935 -3.888094256403959
3 0.25416082269596235 -3.89603006711904
3 0.2584686332501312 -3.9037863538982123
3 0.2627764438043001 -3.911355110011052
3 0.26708425435846894 -3.9187285867096975
3 0.2713920649126378 -3.9258992954492786
3 0.27569987546680663 -3.9328600098723614
3 0.2800076860209755 -3.939603767577182
3 0.2843154965751444 -3.946123871688302
3 0.2886233071293132 -3.9524138922472973
3 0.292931117683482 -3.958467667439776
3 0.2972389282376509 -3.9642793046741485
3 0.3015467387918198 -3.969843181526341
3 0.3058545493459886 -3.9751539465637746
3 0.31016235990015745 -3.980206520060931
3 0.3144701704543263 -3.984996094617869
3 0.3187779810084952 -3.9895181356922365
3 0.32308579156266404 -3.993768382054511
3 0.3273936021168328 -3.9977428461752837
3 0.3317014126710017 -4.001437814552822
3 0.33600922322517063 -4.0048498479882815
3 0.3403170337793394 -4.007975781815393
3 0.34462484433350826 -4.010812726090667
3 0.34893265488767716 -4.013358065749666
3 0.353240465441846 -4.015609460734274
3 0.35754827599601485 -4.017564846095269
3 0.3618560865501837 -4.019222432074177
3 0.36616389710435254 -4.020580704167546
3 0.37047170765852144 -4.021638423176709
3 0.3747795182126903 -4.0223946252452265
3 0.3790873287668591 -4.022848621886082
3 0.383395139321028 -4.023000000000002
3 0.383395139321028 -4.023000000000002
3 0.3858822549040953 -4.048162122059914
3 0.38836937048716264 -4.083064698114028
3 0.3908564860702299 -4.1187895007561846
3 0.39334360165329724 -4.154790520618297
3 0.39583071723636454 -4.19095104013486
3 0.3983178328194319 -4.2272306704019895
3 0.40080494840249914 -4.263611233515207
3 0.4032920639855665 -4.300082943660841
3 0.40577917956863374 -4.336639755616891
3 0.40826629515170104 -4.373277494016602
3 0.4107534107347684 -4.409993000154995
3 0.4132405263178357 -4.44678370445212
3 0.41572764190090306 -4.483647395900221
3 0.4182147574839703 -4.5205820901914295
3 0.42070187306703766 -4.557585950549834
3 0.4231889886501049 -4.594657238242161
3 0.42567610423317226 -4.631794280561699
3 0.42816321981623956 -4.6689954494979835
3 0.4306503353993069 -4.706259147159478
3 0.4331374509823742 -4.743583795588191
3 0.4356245665654416 -4.780967829503738
3 0.4381116821485089 -4.818409691045818
3 0.4405987977315762 -4.855907825907578
3 0.4430859133146435 -4.893460680454906
3 0.4455730288977108 -4.931066699555917
3 0.4480601444807781 -4.96872432492993
3 0.4505472600638454 -5.006431993881576
3 0.4530343756469127 -5.044188138324031
3 0.45552149122998 -5.081991184021838
3 0.4580086068130473 -5.119839550002405
3 0.4604957223961146 -5.157731648098127
3 0.46298283797918194 -5.1956658825908875
3 0.46546995356224924 -5.233640649937256
3 0.4679570691453166 -5.271654338557905
3 0.4704441847283839 -5.309705328678454
3 0.4729313003114512 -5.347791992211803
3 0.47541841589451855 -5.3859126926740695
3 0.47790553147758585 -5.424065785127924
3 0.4803926470606532 -5.46224961614817
3 0.4828797626437205 -5.500462523805774
3 0.48536687822678787 -5.538702837666681
3 0.48785399380985517 -5.576968878802854
3 0.4903411093929225 -5.615258959813139
3 0.4928282249759898 -5.6535713848517295
3 0.4953153405590572 -5.691904449662845
3 0.4978024561421245 -5.730256441619476
3 0.5002895717251917 -5.768625639765105
3 0.5027766873082591 -5.80701031485666
3 0.5052638028913263 -5.845408729407314
3 0.5077509184743937 -5.883819137727572
3 0.5102380340574609 -5.9222397859629705
3 0.5127251496405283 -5.960668912126496
3 0.5152122652235956 -5.999104746123711
3 0.5176993808066629 -6.037545509768016
3 0.5201864963897301 -6.075989416783176
3 0.5226736119727974 -6.114434672789561
3 0.5251607275558647 -6.152879475269752
3 0.5276478431389321 -6.191322013508175
3 0.5301349587219994 -6.229760468497941
3 0.5326220743050667 -6.26819301280649
3 0.535109189888134 -6.306617810389003
3 0.5375963054712014 -6.34503301633562
3 0.5400834210542687 -6.383436776534091
3 0.542570536637336 -6.421827227223765
3 0.5450576522204034 -6.460202494408776
3 0.5475447678034707 -6.498560693087447
3 0.550031883386538 -6.536899926239058
3 0.5525189989696053 -6.575218283487322
3 0.5550061145526727 -6.613513839327529
3 0.55749323013574 -6.651784650757448
3 0.5599803457188073 -6.690028754081375
3 0.5624674613018746 -6.7282441605493295
3 0.564954576884942 -6.76642885032607
3 0.5674416924680094 -6.804580764017628
3 0.5699288080510766 -6.842697790547021
3 0.572415923634144 -6.880777749435755
3 0.5749030392172113 -6.918818364269284
3 0.5773901548002787 -6.956817221814987
3 0.5798772703833459 -6.994771706906735
3 0.5823643859664133 -7.032678894579524
3 0.5848515015494806 -7.070535362798873
3 0.5873386171325479 -7.108336848226896
3 0.5898257327156152 -7.146077566954411
3 0.5923128482986826 -7.1837487469927455
3 0.5947999638817499 -7.221335052763646
3 0.5972870794648172 -7.258804275181781
3 0.5997741950478845 -7.296068894628828
3 0.6022613106309519 -7.332759805074378
3 0.6047484262140193 -7.3643292141334005
3 0.6047484262140193 -7.3643292141334005
3 0.6097226573801539 -7.326546588228208
3 0.6146968885462885 -7.288069381600995
3 0.619671119712423 -7.248907149052263
3 0.6246453508785575 -7.2090696631379405
3 0.6296195820446923 -7.168566916637459
3 0.6345938132108268 -7.127409125307323
3 0.6395680443769614 -7.085606730942209
3 0.644542275543096 -7.043170404766552
3 0.6495165067092307 -7.000111051181795
3 0.6544907378753652 -6.956439811895566
3 0.6594649690414998 -6.912168070461092
3 0.6644392002076344 -6.867307457257341
3 0.6694134313737691 -6.821869854941975
3 0.6743876625399036 -6.775867404411999
3 0.6793618937060381 -6.729312511308846
3 0.6843361248721728 -6.682217853107786
3 0.6893103560383074 -6.634596386833802
3 0.694284587204442 -6.586461357449543
3 0.6992588183705765 -6.5378263069637725
3 0.7042330495367112 -6.488705084312293
3 0.7092072807028458 -6.439111856067255
3 0.7141815118689804 -6.389061118034077
3 0.7191557430351149 -6.338567707800018
3 0.7241299742012495 -6.287646818302333
3 0.7291042053673842 -6.236314012489261
3 0.7340784365335187 -6.184585239151363
3 0.7390526676996534 -6.1324768500067774
3 0.7440268988657879 -6.080005618128843
3 0.7490011300319226 -6.027188757811021
3 0.7539753611980571 -5.974043945969527
3 0.7589495923641918 -5.920589345190919
3 0.7639238235303264 -5.866843628538129
3 0.7688980546964611 -5.812826006235157
3 0.7738722858625957 -5.75855625435741
3 0.7788465170287304 -5.7040547456613515
3 0.7838207481948649 -5.649342482693708
3 0.7887949793609995 -5.594441133326772
3 0.7937692105271341 -5.53937306887214
3 0.7987434416932687 -5.484161404930255
3 0.8037176728594034 -5.428830045137222
3 0.808691904025538 -5.3734037279730655
3 0.8136661351916727 -5.317908076796234
3 0.8186403663578073 -5.262369653267885
3 0.823614597523942 -5.20681601432466
3 0.8285888286900766 -5.151275772850401
3 0.8335630598562113 -5.095778662184085
3 0.8385372910223458 -5.040355604582133
3 0.8435115221884805 -4.9850387837274335
3 0.8484857533546151 -4.929861721342227
3 0.8534599845207497 -4.874859357917251
3 0.8584342156868843 -4.820068137511859
3 0.8634084468530189 -4.76552609650796
3 0.8683826780191536 -4.711272956111656
3 0.8733569091852882 -4.657350218288262
3 0.8783311403514228 -4.6038012646855115
3 0.8833053715175574 -4.55067145794475
3 0.8882796026836921 -4.498008244617225
3 0.8932538338498267 -4.445861258691332
3 0.8982280650159613 -4.394282424495905
3 0.9032022961820959 -4.343326057475763
3 0.9081765273482306 -4.293048961042808
3 0.9131507585143652 -4.243510517398261
3 0.9181249896804997 -4.194772769914442
3 0.9230992208466344 -4.146900494384921
3 0.928073452012769 -4.099961256241029
3 0.9330476831789037 -4.054025450758631
3 0.9380219143450382 -4.00916632344342
3 0.942996145511173 -3.965459968349565
3 0.9479703766773075 -3.9229853033115285
3 0.9529446078434423 -3.8818240233658683
3 0.9579188390095768 -3.8420605376907133
3 0.9628930701757115 -3.803781902350142
3 0.9678673013418461 -3.767077773012622
3 0.9728415325079808 -3.732040422239439
3 0.9778157636741153 -3.698764901624363
3 0.9827899948402499 -3.6673494927906147
3 0.9877642260063846 -3.637896707825204
3 0.9927384571725192 -3.6105153174553113
3 0.9977126883386538 -3.5853242945483728
3 1.0026869195047885 -3.5624603030536086
3 1.007661150670923 -3.5420914899548457
3 1.0126353818370577 -3.5244407056951
3 1.0176096130031922 -3.5098129368398876
3 1.022583844169327 -3.4985742357953042
3 1.0275580753354616 -3.4909256652160012
3 1.0325323065015963 -3.486472557626902
3 1.0375065376677308 -3.484236893943512
3 1.0424807688338653 -3.4832660694867186
3 1.047455 -3.4829999999999997
4 0.0 -3.442547423692513
4 0.004307810554168854 -3.4431280876777866
4 0.008615621108337707 -3.4447802851670173
4 0.01292343166250656 -3.447264805157002
4 0.017231242216675415 -3.4502804128699402
4 0.021539052770844266 -3.453574515514199
4 0.02584686332501312 -3.4570084909481733
4 0.030154673879181974 -3.4605476531645216
4 0.03446248443335083 -3.4642143514798756
4 0.03877029498751968 -3.4680486226608465
4 0.04307810554168853 -3.472088428679405
4 0.047385916095857385 -3.476363244180992
4 0.05169372665002624 -3.4808936035442852
4 0.056001537204195095 -3.485692539835395
4 0.06030934775836395 -3.490767274018394
4 0.0646171583125328 -3.4961206470012325
4 0.06892496886670166 -3.5017522129283605
4 0.0732327794208705 -3.5076590413065363
4 0.07754058997503936 -3.5138362985038514
4 0.0818484005292082 -3.5202776702356955
4 0.08615621108337707 -3.5269756716903156
4 0.09046402163754592 -3.5339218786714164
4 0.09477183219171477 -3.54110710307404
4 0.09907964274588364 -3.548521528843746
4 0.10338745330005247 -3.5561548195987136
4 0.10769526385422135 -3.5639962056829497
4 0.11200307440839019 -3.5720345560813738
4 0.11631088496255905 -3.580258439022143
4 0.1206186955167279 -3.5886561739826326
4 0.12492650607089675 -3.597215877045169
4 0.1292343166250656 -3.6059255010090703
4 0.13354212717923447 -3.6147728712853713
4 0.13784993773340332 -3.6237457183307824
4 0.1421577482875722 -3.6328317071842653
4 0.146465558841741 -3.642018464531213
4 0.1507733693959099 -3.651293603619635
4 0.15508117995007872 -3.660644747279938
4 0.1593889905042476 -3.6700595492466244
4 0.1636968010584164 -3.679525713941082
4 0.16800461161258531 -3.6890310148457988
4 0.17231242216675413 -3.698563311579018
4 0.176620232720923 -3.708110565762913
4 0.18092804327509185 -3.7176608557663116
4 0.18523585382926072 -3.727202390394143
4 0.18954366438342954 -3.7367235215886034
4 0.19385147493759844 -3.7462127562017975
4 0.19815928549176728 -3.7556587668952814
4 0.2024670960459361 -3.7650504022183946
4 0.20677490660010495 -3.774376695914416
4 0.21108271715427385 -3.7836268755010205
4 0.2153905277084427 -3.792790370169374
4 0.2196983382626115 -3.801856818044083
4 0.22400614881678038 -3.810816072844472
4 0.22831395937094925 -3.8196582099857124
4 0.2326217699251181 -3.828373532156811
4 0.23692958047928692 -3.8369525744106543
4 0.2412373910334558 -3.845386108799755
4 0.24554520158762466 -3.853665148589728
4 0.2498530121417935 -3.8617809520809634
4 0.25416082269596235 -3.869725026067418
4 0.2584686332501312 -3.8774891289599926
4 0.2627764438043001 -3.8850652736003655
4 0.26708425435846894 -3.892445729789842
4 0.2713920649126378 -3.8996230265562946
4 0.27569987546680663 -3.9065899541809266
4 0.2800076860209755 -3.913339566005233
4 0.2843154965751444 -3.9198651800373434
4 0.2886233071293132 -3.926160380375598
4 0.292931117683482 -3.932219018466017
4 0.2972389282376509 -3.9380352142093975
4 0.3015467387918198 -3.9436033569322797
4 0.3058545493459886 -3.9489181062354657
4 0.31016235990015745 -3.9539743927323756
4 0.3144701704543263 -3.958767418688839
4 0.3187779810084952 -3.963292658574927
4 0.32308579156266404 -3.9675458595385664
4 0.3273936021168328 -3.971523041809962
4 0.3317014126710017 -3.97522049904495
4 0.33600922322517063 -3.978634798614824
4 0.3403170337793394 -3.981762781849422
4 0.34462484433350826 -3.9846015642395716
4 0.34893265488767716 -3.9871485356045255
4 0.353240465441846 -3.9894013602291527
4 0.35754827599601485 -3.991357976975535
4 0.3618560865501837 -3.9930165993725386
4 0.36616389710435254 -3.9943757156869415
4 0.37047170765852144 -3.9954340889788615
4 0.3747795182126903 -3.9961907571438684
4 0.3790873287668591 -3.9966450329437846
4 0.383395139321028 -3.9967965040276416
4 0.383395139321028 -3.9967965040276416
4 0.3858822549040953 -3.9717203565484316
4 0.38836937048716264 -3.937075692359559
4 0.3908564860702299 -3.901780703238195
4 0.39334360165329724 -3.866381339175979
4 0.39583071723636454 -3.830994234622271
4 0.3983178328194319 -3.7956596716360456
4 0.40080494840249914 -3.7603956975620907
4 0.4032920639855665 -3.7252119439566966
4 0.40577917956863374 -3.6901142781070644
4 0.40826629515170104 -3.655106673791016
4 0.4107534107347684 -3.6201920644968646
4 0.4132405263178357 -3.5853727709897028
4 0.41572764190090306 -3.5506507318967824
4 0.4182147574839703 -3.5160276356154774
4 0.42070187306703766 -3.481504999519983
4 0.4231889886501049 -3.447084219492376
4 0.42567610423317226 -3.412766601983514
4 0.42816321981623956 -3.3785533853912506
4 0.4306503353993069 -3.344445754688578
4 0.4331374509823742 -3.3104448516629357
4 0.4356245665654416 -3.2765517822289945
4 0.4381116821485089 -3.242767621746032
4 0.4405987977315762 -3.2090934189473113
4 0.4430859133146435 -3.175530198886542
4 0.4455730288977108 -3.1420789651769407
4 0.4480601444807781 -3.108740701713698
4 0.4505472600638454 -3.07551637401419
4 0.4530343756469127 -3.0424069302717727
4 0.45552149122998 -3.0094133021927445
4 0.4580086068130473 -2.976536405667394
4 0.4604957223961146 -2.943777141312955
4 0.46298283797918194 -2.911136394916802
4 0.46546995356224924 -2.878615037801459
4 0.4679570691453166 -2.84621392712777
4 0.4704441847283839 -2.813933906148958
4 0.4729313003114512 -2.781775804425429
4 0.47541841589451855 -2.749740438008002
4 0.47790553147758585 -2.71782860959577
4 0.4803926470606532 -2.686041108673347
4 0.4828797626437205 -2.6543787116313804
4 0.48536687822678787 -2.622842181873567
4 0.48785399380985517 -2.591432269912523
4 0.4903411093929225 -2.5601497134567337
4 0.4928282249759898 -2.528995237490115
4 0.4953153405590572 -2.4979695543457057
4 0.4978024561421245 -2.467073363774519
4 0.5002895717251917 -2.436307353010569
4 0.5027766873082591 -2.4056721968327963
4 0.5052638028913263 -2.3751685576246286
4 0.5077509184743937 -2.344797085431661
4 0.5102380340574609 -2.3145584180179473
4 0.5127251496405283 -2.2844531809212842
4 0.5152122652235956 -2.254481987507808
4 0.5176993808066629 -2.2246454390262325
4 0.5201864963897301 -2.194944124661897
4 0.5226736119727974 -2.1653786215908695
4 0.5251607275558647 -2.1359494950342794
4 0.5276478431389321 -2.106657298313
4 0.5301349587219994 -2.077502572902842
4 0.5326220743050667 -2.048485848490327
4 0.535109189888134 -2.0196076430291665
4 0.5375963054712014 -1.9908684627975115
4 0.5400834210542687 -1.9622688024560389
4 0.542570536637336 -1.9338091451069328
4 0.5450576522204034 -1.9054899623537926
4 0.5475447678034707 -1.8773117143625948
4 0.550031883386538 -1.8492748499235934
4 0.5525189989696053 -1.8213798065143199
4 0.5550061145526727 -1.7936270103636673
4 0.55749323013574 -1.7660168765170512
4 0.5599803457188073 -1.738549808902703
4 0.5624674613018746 -1.7112262003990784
4 0.564954576884942 -1.6840464329034452
4 0.5674416924680094 -1.6570108774015833
4 0.5699288080510766 -1.630119894038674
4 0.572415923634144 -1.6033738321913331
4 0.5749030392172113 -1.5767730305408376
4 0.5773901548002787 -1.5503178171475245
4 0.5798772703833459 -1.524008509526334
4 0.5823643859664133 -1.4978454147235893
4 0.5848515015494806 -1.4718288293948876
4 0.5873386171325479 -1.4459590398842321
4 0.5898257327156152 -1.420236322304299
4 0.5923128482986826 -1.3946609426179115
4 0.5947999638817499 -1.3692331567206744
4 0.5972870794648172 -1.3439532105247967
4 0.5997741950478845 -1.3188213400440987
4 0.6022613106309519 -1.2938377714802067
4 0.6047484262140193 -1.2690027213098873
4 0.6047484262140193 -1.2690027213098873
4 0.6097226573801539 -1.3182601487729362
4 0.6146968885462885 -1.3669876260171405
4 0.619671119712423 -1.4151823654936297
4 0.6246453508785575 -1.46284170191682
4 0.6296195820446923 -1.509963090392696
4 0.6345938132108268 -1.5565441045061332
4 0.6395680443769614 -1.6025824343686994
4 0.644542275543096 -1.648075884628077
4 0.6495165067092307 -1.6930223724404514
4 0.6544907378753652 -1.7374199254072265
4 0.6594649690414998 -1.7812666794775125
4 0.6644392002076344 -1.8245608768177055
4 0.6694134313737691 -1.8673008636496462
4 0.6743876625399036 -1.9094850880588434
4 0.6793618937060381 -1.9511120977741696
4 0.6843361248721728 -1.9921805379205226
4 0.6893103560383074 -2.0326891487459915
4 0.694284587204442 -2.072636763324896
4 0.6992588183705765 -2.1120223052383156
4 0.7042330495367112 -2.1508447862334847
4 0.7092072807028458 -2.1891033038635093
4 0.7141815118689804 -2.226797039108962
4 0.7191557430351149 -2.263925253982603
4 0.7241299742012495 -2.300487289118827
4 0.7291042053673842 -2.3364825613489524
4 0.7340784365335187 -2.3719105612638858
4 0.7390526676996534 -2.4067708507653003
4 0.7440268988657879 -2.4410630606065147
4 0.7490011300319226 -2.4747868879243122
4 0.7539753611980571 -2.507942093762522
4 0.7589495923641918 -2.5405285005885325
4 0.7639238235303264 -2.572545989803335
4 0.7688980546964611 -2.6039944992458546
4 0.7738722858625957 -2.6348740206919543
4 0.7788465170287304 -2.6651845973485147
4 0.7838207481948649 -2.694926321342402
4 0.7887949793609995 -2.7240993312041475
4 0.7937692105271341 -2.75270380934573
4 0.7987434416932687 -2.78073997953118
4 0.8037176728594034 -2.808208104338654
4 0.808691904025538 -2.835108482611481
4 0.8136661351916727 -2.8614414468953497
4 0.8186403663578073 -2.8872073608576208
4 0.823614597523942 -2.912406616683678
4 0.8285888286900766 -2.937039632443798
4 0.8335630598562113 -2.961106849422359
4 0.8385372910223458 -2.9846087293988246
4 0.8435115221884805 -3.007545751867619
4 0.8484857533546151 -3.0299184111801343
4 0.8534599845207497 -3.0517272135882205
4 0.8584342156868843 -3.0729726741628594
4 0.8634084468530189 -3.0936553135548266
4 0.8683826780191536 -3.113775654555199
4 0.8733569091852882 -3.133334218401971
4 0.8783311403514228 -3.1523315207639935
4 0.8833053715175574 -3.1707680673136043
4 0.8882796026836921 -3.1886443487730283
4 0.8932538338498267 -3.205960835284819
4 0.8982280650159613 -3.222717969909188
4 0.9032022961820959 -3.238916160987285
4 0.9081765273482306 -3.2545557730214103
4 0.9131507585143652 -3.269637115601323
4 0.9181249896804997 -3.284160429734861
4 0.9230992208466344 -3.298125870698096
4 0.928073452012769 -3.311533486171708
4 0.9330476831789037 -3.3243831879211165
4 0.9380219143450382 -3.336674714525392
4 0.942996145511173 -3.348407581528377
4 0.9479703766773075 -3.359581013654739
4 0.9529446078434423 -3.3701938510371465
4 0.9579188390095768 -3.380244417114107
4 0.9628930701757115 -3.3897303288943346
4 0.9678673013418461 -3.3986482187059113
4 0.9728415325079808 -3.406993316814429
4 0.9778157636741153 -3.4147588097717567
4 0.9827899948402499 -3.4219348273349746
4 0.9877642260063846 -3.4285067965143035
4 0.9927384571725192 -3.4344526864864138
4 0.9977126883386538 -3.439738262312538
4 1.0026869195047885 -3.4443087268342247
4 1.007661150670923 -3.448074006965656
4 1.0126353818370577 -3.450884577103404
4 1.0176096130031922 -3.4525030582529204
4 1.022583844169327 -3.452624334043984
4 1.0275580753354616 -3.451100694669386
4 1.0325323065015963 -3.4483717382727983
4 1.0375065376677308 -3.4454512559334503
4 1.0424807688338653 -3.44331785948625
4 1.047455 -3.442547423692513
5 0.0 -0.8659347355811794
5 0.004307810554168854 -0.8651238954522427
5 0.008615621108337707 -0.8626924300545689
5 0.01292343166250656 -0.8586435013805799
5 0.017231242216675415 -0.8529823696198147
5 0.021539052770844266 -0.8457163788655334
5 0.02584686332501312 -0.8368549378659539
5 0.030154673879181974 -0.8264094964859253
5 0.03446248443335083 -0.8143935186139383
5 0.03877029498751968 -0.8008224522534956
5 0.04307810554168853 -0.7857136974841881
5 0.047385916095857385 -0.7690865728796169
5 0.05169372665002624 -0.7509622808432627
5 0.056001537204195095 -0.7313638721861081
5 0.06030934775836395 -0.7103162101362656
5 0.0646171583125328 -0.6878459338524028
5 0.06892496886670166 -0.6639814214161865
5 0.0732327794208705 -0.638752752208379
5 0.07754058997503936 -0.6121916685272657
5 0.0818484005292082 -0.5843315362856009
5 0.08615621108337707 -0.5552073046183179
5 0.09046402163754592 -0.5248554642438213
5 0.09477183219171477 -0.49331400444227863
5 0.09907964274588364 -0.46062236854090594
5 0.10338745330005247 -0.4268214078256818
5 0.10769526385422135 -0.39195333382875885
5 0.11200307440839019 -0.3560616689694432
5 0.11631088496255905 -0.3191911955529624
5 0.1206186955167279 -0.281387903154892
5 0.12492650607089675 -0.242698934439986
5 0.1292343166250656 -0.2031725294825211
5 0.13354212717923447 -0.16285796867153193
5 0.13784993773340332 -0.12180551429910891
5 0.1421577482875722 -0.08006635094390473
5 0.146465558841741 -0.03769252477602523
5 0.1507733693959099 0.005263118075610253
5 0.15508117995007872 0.04874699393533932
5 0.1593889905042476 0.09270484459385596
5 0.1636968010584164 0.13708180071843062
5 0.16800461161258531 0.18182244542356377
5 0.17231242216675413 0.22687087772197584
5 0.176620232720923 0.2721707755176281
5 0.18092804327509185 0.31766545772296806
5 0.18523585382926072 0.3632979449726767
5 0.18954366438342954 0.409011018252417
5 0.19385147493759844 0.45474727454224306
5 0.19815928549176728 0.5004491782596674
5 0.2024670960459361 0.5460591068266123
5 0.20677490660010495 0.5915193879993867
5 0.21108271715427385 0.636772325563164
5 0.2153905277084427 0.68176020838922
5 0.2196983382626115 0.7264252953216507
5 0.22400614881678038 0.7707097642646298
5 0.22831395937094925 0.814555607035451
5 0.2326217699251181 0.8579044398947031
5 0.23692958047928692 0.9006971790268397
5 0.2412373910334558 0.9428734922813018
5 0.24554520158762466 0.9843708655720863
5 0.2498530121417935 1.0251229752167417
5 0.25416082269596235 1.0650567433509213
5 0.2584686332501312 1.1040867375610068
5 0.2627764438043001 1.1421038178045695
5 0.26708425435846894 1.1789502460560788
5 0.2713920649126378 1.2143599280939148
5 0.27569987546680663 1.2478020232655738
5 0.2800076860209755 1.27807495406964
5 0.2843154965751444 1.3001238716883017
5 0.2886233071293132 1.3064138922472956
5 0.292931117683482 1.3124676674397768
5 0.2972389282376509 1.3182793046741472
5 0.3015467387918198 1.3238431815263376
5 0.3058545493459886 1.3291539465637738
5 0.31016235990015745 1.334206520060933
5 0.3144701704543263 1.3389960946178683
5 0.3187779810084952 1.3435181356922357
5 0.32308579156266404 1.3477683820545108
5 0.3273936021168328 1.3517428461752834
5 0.3317014126710017 1.355437814552819
5 0.33600922322517063 1.3588498479882802
5 0.3403170337793394 1.3619757818153952
5 0.34462484433350826 1.36481272609067
5 0.34893265488767716 1.3673580657496691
5 0.353240465441846 1.3696094607342748
5 0.35754827599601485 1.3715648460952699
5 0.3618560865501837 1.3732224320741733
5 0.36616389710435254 1.374580704167546
5 0.37047170765852144 1.3756384231767096
5 0.3747795182126903 1.376394625245228
5 0.3790873287668591 1.3768486218860805
5 0.383395139321028 1.3770000000000027
5 0.383395139321028 1.3770000000000027
5 0.3858822549040953 1.3539590497146394
5 0.38836937048716264 1.3213191055579798
5 0.3908564860702299 1.2879271521974018
5 0.39334360165329724 1.2543855695223307
5 0.39583071723636454 1.220824199452244
5 0.3983178328194319 1.1872878882992546
5 0.40080494840249914 1.1537966495217804
5 0.4032920639855665 1.1203610857258934
5 0.40577917956863374 1.086987589125962
5 0.40826629515170104 1.0536804351844666
5 0.4107534107347684 1.0204427380833587
5 0.4132405263178357 0.9872769297327573
5 0.41572764190090306 0.9541850181761871
5 0.4182147574839703 0.9211687354455741
5 0.42070187306703766 0.8882296263582058
5 0.4231889886501049 0.8553691040519018
5 0.42567610423317226 0.8225884859354843
5 0.42816321981623956 0.7898890176618402
5 0.4306503353993069 0.7572718895319678
5 0.4331374509823742 0.7247382479768758
5 0.4356245665654416 0.6922892037572113
5 0.4381116821485089 0.6599258379242873
5 0.4405987977315762 0.6276492062239996
5 0.4430859133146435 0.5954603423975363
5 0.4455730288977108 0.5633602606881889
5 0.4480601444807781 0.5313499577680286
5 0.4505472600638454 0.4994304142352148
5 0.4530343756469127 0.46760259578944147
5 0.45552149122998 0.4358674541634782
5 0.4580086068130473 0.4042259278680408
5 0.4604957223961146 0.3726789427922822
5 0.46298283797918194 0.3412274126918086
5 0.46546995356224924 0.3098722395883072
5 0.4679570691453166 0.2786143140992084
5 0.4704441847283839 0.24745451571157367
5 0.4729313003114512 0.2163937130113665
5 0.47541841589451855 0.18543276387662047
5 0.47790553147758585 0.1545725156415356
5 0.4803926470606532 0.12381380523675914
5 0.4828797626437205 0.09315745931034813
5 0.48536687822678787 0.06260429433279019
5 0.48785399380985517 0.03215511668906008
5 0.4903411093929225 0.0018107227598317722
5 0.4928282249759898 -0.028428101006077445
5 0.4953153405590572 -0.05856057802660521
5 0.4978024561421245 -0.0885859415274069
5 0.5002895717251917 -0.11850343448773022
5 0.5027766873082591 -0.14831230959039698
5 0.5052638028913263 -0.17801182917517322
5 0.5077509184743937 -0.2076012651948082
5 0.5102380340574609 -0.23707989917333566
5 0.5127251496405283 -0.26644702216614946
5 0.5152122652235956 -0.29570193472142287
5 0.5176993808066629 -0.3248439468427142
5 0.5201864963897301 -0.35387237795226295
5 0.5226736119727974 -0.3827865568550161
5 0.5251607275558647 -0.4115858217029357
5 0.5276478431389321 -0.4402695199595795
5 0.5301349587219994 -0.4688370083647718
5 0.5326220743050667 -0.4972876528992159
5 0.535109189888134 -0.525620828748946
5 0.5375963054712014 -0.5538359202695907
5 0.5400834210542687 -0.5819323209502278
5 0.542570536637336 -0.6099094333769719
5 0.5450576522204034 -0.6377666691960213
5 0.5475447678034707 -0.6655034490762546
5 0.550031883386538 -0.6931192026712716
5 0.5525189989696053 -0.720613368580888
5 0.5550061145526727 -0.7479853943119786
5 0.55749323013574 -0.7752347362387401
5 0.5599803457188073 -0.8023608595622607
5 0.5624674613018746 -0.8293632382694384
5 0.564954576884942 -0.8562413550911899
5 0.5674416924680094 -0.8829947014599733
5 0.5699288080510766 -0.9096227774665765
5 0.572415923634144 -0.9361250918162287
5 0.5749030392172113 -0.9625011617839112
5 0.5773901548002787 -0.9887505131690116
5 0.5798772703833459 -1.0148726802491739
5 0.5823643859664133 -1.0408672057334685
5 0.5848515015494806 -1.0667336407148007
5 0.5873386171325479 -1.0924715446215387
5 0.5898257327156152 -1.1180804851684862
5 0.5923128482986826 -1.1435600383070827
5 0.5947999638817499 -1.1689097881748118
5 0.5972870794648172 -1.194129327044045
5 0.5997741950478845 -1.219218255269947
5 0.6022613106309519 -1.244176181237869
5 0.6047484262140193 -1.2690027213098865
5 0.6047484262140193 -1.2690027213098865
5 0.6097226573801539 -1.2197789939653345
5 0.6146968885462885 -1.1711516987224682
5 0.619671119712423 -1.1231222264870486
5 0.6246453508785575 -1.075691821364751
5 0.6296195820446923 -1.0288615837457562
5 0.6345938132108268 -0.9826324734693488
5 0.6395680443769614 -0.9370053130710733
5 0.644542275543096 -0.8919807911154658
5 0.6495165067092307 -0.8475594656186503
5 0.6544907378753652 -0.8037417675661762
5 0.6594649690414998 -0.760528004532986
5 0.6644392002076344 -0.7179183644143933
5 0.6694134313737691 -0.6759129192792387
5 0.6743876625399036 -0.6345116293592632
5 0.6793618937060381 -0.5937143471926342
5 0.6843361248721728 -0.553520821944091
5 0.6893103560383074 -0.5139307039301573
5 0.694284587204442 -0.4749435493855875
5 0.6992588183705765 -0.43655882551696706
5 0.7042330495367112 -0.39877591590225836
5 0.7092072807028458 -0.3615941263118135
5 0.7141815118689804 -0.32501269104843133
5 0.7191557430351149 -0.289030779933651
5 0.7241299742012495 -0.2536475061069572
5 0.7291042053673842 -0.21886193485849997
5 0.7340784365335187 -0.18467309378980626
5 0.7390526676996534 -0.15107998469980247
5 0.7440268988657879 -0.11808159773788961
5 0.7490011300319226 -0.08567692857210134
5 0.7539753611980571 -0.053864999618782966
5 0.7589495923641918 -0.02264488681916251
5 0.7639238235303264 0.007984245894924743
5 0.7688980546964611 0.03802310130183763
5 0.7738722858625957 0.06747218805193206
5 0.7788465170287304 0.0963317370959412
5 0.7838207481948649 0.12460158411277995
5 0.7887949793609995 0.15228099981124132
5 0.7937692105271341 0.17936843804746308
5 0.7987434416932687 0.20586115015948747
5 0.8037176728594034 0.23175457335500796
5 0.808691904025538 0.25704132076520547
5 0.8136661351916727 0.28170943276886784
5 0.8186403663578073 0.3057391725507444
5 0.823614597523942 0.329096732140837
5 0.8285888286900766 0.3517207458834367
5 0.8335630598562113 0.37348994838661886
5 0.8385372910223458 0.39413298930667917
5 0.8435115221884805 0.4129185469387528
5 0.8484857533546151 0.4272510328987846
5 0.8534599845207497 0.42604903233205244
5 0.8584342156868843 0.39428243443666083
5 0.8634084468530189 0.34748261532945884
5 0.8683826780191536 0.2969655264677782
5 0.8733569091852882 0.24543411695740217
5 0.8783311403514228 0.19370663404365268
5 0.8833053715175574 0.14213757581478562
5 0.8882796026836921 0.09093021164581179
5 0.8932538338498267 0.040227256328603134
5 0.8982280650159613 -0.009856752482981766
5 0.9032022961820959 -0.05922205538460462
5 0.9081765273482306 -0.10777750434456831
5 0.9131507585143652 -0.1554374990738519
5 0.9181249896804997 -0.2021203836293324
5 0.9230992208466344 -0.2477475823777263
5 0.928073452012769 -0.2922431331044309
5 0.9330476831789037 -0.33553344389401746
5 0.9380219143450382 -0.37754718101693563
5 0.942996145511173 -0.41821523582488146
5 0.9479703766773075 -0.457470740323955
5 0.9529446078434423 -0.49524911312083114
5 0.9579188390095768 -0.531488124375977
5 0.9628930701757115 -0.56612797254486
5 0.9678673013418461 -0.5991113682471285
5 0.9728415325079808 -0.6303836222278175
5 0.9778157636741153 -0.6598927354282986
5 0.9827899948402499 -0.6875894898740941
5 0.9877642260063846 -0.713427539531284
5 0.9927384571725192 -0.7373635005515115
5 0.9977126883386538 -0.7593570404580985
5 1.0026869195047885 -0.779370965848072
5 1.007661150670923 -0.7973713081160057
5 1.0126353818370577 -0.8133274065644652
5 1.0176096130031922 -0.8272119880744113
5 1.022583844169327 -0.8390012422946969
5 1.0275580753354616 -0.8486748911050692
5 1.0325323065015963 -0.8562162509471268
5 1.0375065376677308 -0.861612286536426
5 1.0424807688338653 -0.8648536544938594
5 1.047455 -0.8659347355811794
6 0.0 0.836999999999999
6 0.004307810554168854 0.8371892090508725
6 0.008615621108337707 0.8377565011350007
6 0.01292343166250656 0.8387008722194506
6 0.017231242216675415 0.8400206528146987
6 0.021539052770844266 0.8417135137888405
6 0.02584686332501312 0.8437764744402209
6 0.030154673879181974 0.8462059127626114
6 0.03446248443335083 0.8489975778199433
6 0.03877029498751968 0.8521466041315583
6 0.04307810554168853 0.8556475279550882
6 0.047385916095857385 0.85949430534085
6 0.05169372665002624 0.863680331821166
6 0.056001537204195095 0.8681984635888517
6 0.06030934775836395 0.8730410400122157
6 0.0646171583125328 0.8781999073288175
6 0.06892496886670166 0.8836664433573165
6 0.0732327794208705 0.8894315830654905
6 0.07754058997503936 0.8954858448334053
6 0.0818484005292082 0.9018193572529772
6 0.08615621108337707 0.9084218863092761
6 0.09046402163754592 0.9152828627945025
6 0.09477183219171477 0.9223914098118677
6 0.09907964274588364 0.9297363702348715
6 0.10338745330005247 0.9373063339956659
6 0.10769526385422135 0.9450896650858073
6 0.11200307440839019 0.9530745281623895
6 0.11631088496255905 0.9612489146627823
6 0.1206186955167279 0.9696006683414518
6 0.12492650607089675 0.9781175101530195
6 0.1292343166250656 0.9867870624153571
6 0.13354212717923447 0.9955968721973671
6 0.13784993773340332 1.004534433884825
6 0.1421577482875722 1.0135872108878154
6 0.146465558841741 1.0227426564614246
6 0.1507733693959099 1.0319882336197008
6 0.15508117995007872 1.0413114341307197
6 0.1593889905042476 1.0506997965872162
6 0.1636968010584164 1.0601409235539292
6 0.16800461161258531 1.0696224977981126
6 0.17231242216675413 1.0791322976152022
6 0.176620232720923 1.0886582112657575
6 0.18092804327509185 1.098188250543572
6 0.18523585382926072 1.1077105634985702
6 0.18954366438342954 1.117213446340313
6 0.19385147493759844 1.1266853545506375
6 0.19815928549176728 1.136114913235345
6 0.2024670960459361 1.1454909267464914
6 0.20677490660010495 1.1548023876077078
6 0.21108271715427385 1.1640384847753948
6 0.2153905277084427 1.1731886112692615
6 0.2196983382626115 1.1822423712053267
6 0.22400614881678038 1.1911895862646857
6 0.22831395937094925 1.200020301630319
6 0.2326217699251181 1.208724791424373
6 0.23692958047928692 1.2172935636767042
6 0.2412373910334558 1.2257173648554007
6 0.24554520158762466 1.2339871839883079
6 0.2498530121417935 1.242094256403959
6 0.25416082269596235 1.2500300671190407
6 0.2584686332501312 1.2577863538982104
6 0.2627764438043001 1.2653551100110523
6 0.26708425435846894 1.272728586709697
6 0.2713920649126378 1.2798992954492794
6 0.27569987546680663 1.2868600098723602
6 0.2800076860209755 1.2936037675771805
6 0.2843154965751444 1.3027407551818986
6 0.2886233071293132 1.3198260505560473
6 0.292931117683482 1.3312302771088318
6 0.2972389282376509 1.339788736427766
6 0.3015467387918198 1.346930402737805
6 0.3058545493459886 1.3532409509890564
6 0.31016235990015745 1.3589749641913647
6 0.3144701704543263 1.3642544480062606
6 0.3187779810084952 1.3691429170479403
6 0.32308579156266404 1.3736755242583298
6 0.3273936021168328 1.3778725500046165
6 0.3317014126710017 1.3817459764319968
6 0.33600922322517063 1.3853029291797974
6 0.3403170337793394 1.3885475900785738
6 0.34462484433350826 1.3914823147171984
6 0.34893265488767716 1.3941083135706323
6 0.353240465441846 1.3964260821727679
6 0.35754827599601485 1.3984356810155876
6 0.3618560865501837 1.4001369221525695
6 0.36616389710435254 1.4015294959242248
6 0.37047170765852144 1.4026130579998908
6 0.3747795182126903 1.4033872892266102
6 0.3790873287668591 1.4038519361212598
6 0.383395139321028 1.4040068369147973
6 0.383395139321028 1.4040068369147973
6 0.3858822549040953 1.4271113287374617
6 0.38836937048716264 1.4599418887010993
6 0.3908564860702299 1.4936515057247395
6 0.39334360165329724 1.5276377559002543
6 0.39583071723636454 1.561770735690315
6 0.3983178328194319 1.5960055195741025
6 0.40080494840249914 1.6303219973043308
6 0.4032920639855665 1.6647094519189582
6 0.40577917956863374 1.699161359295953
6 0.40826629515170104 1.7336732945312487
6 0.4107534107347684 1.7417733022960236
6 0.4132405263178357 1.7437917645020538
6 0.41572764190090306 1.7459771333795315
6 0.4182147574839703 1.7483272714502216
6 0.42070187306703766 1.7508398764041786
6 0.4231889886501049 1.7535124825119122
6 0.42567610423317226 1.7563424621371322
6 0.42816321981623956 1.759327027349211
6 0.4306503353993069 1.7624632316344784
6 0.4331374509823742 1.7657479717053608
6 0.4356245665654416 1.7691779894063553
6 0.4381116821485089 1.772749873715752
6 0.4405987977315762 1.7764600628419807
6 0.4430859133146435 1.7803048464133941
6 0.4455730288977108 1.7842803677602483
6 0.4480601444807781 1.788382626287595
6 0.4505472600638454 1.792607479937734
6 0.4530343756469127 1.7969506477408461
6 0.45552149122998 1.801407712452353
6 0.4580086068130473 1.8059741232755033
6 0.4604957223961146 1.810645198667689
6 0.46298283797918194 1.815416129228825
6 0.46546995356224924 1.820281980670236
6 0.4679570691453166 1.8252376968623
6 0.4704441847283839 1.8302781029592208
6 0.4729313003114512 1.835397908598992
6 0.47541841589451855 1.8405917111769343
6 0.47790553147758585 1.8458539991908083
6 0.4803926470606532 1.8511791556556547
6 0.4828797626437205 1.8565614615864399
6 0.48536687822678787 1.8619950995465073
6 0.48785399380985517 1.867474157259811
6 0.4903411093929225 1.8729926312849265
6 0.4928282249759898 1.8785444307486934
6 0.4953153405590572 1.884123381137427
6 0.4978024561421245 1.8897232281434855
6 0.5002895717251917 1.8953376415650616
6 0.5027766873082591 1.9009602192569448
6 0.5052638028913263 1.9065844911300218
6 0.5077509184743937 1.91220392319724
6 0.5102380340574609 1.917811921663726
6 0.5127251496405283 1.923401837058738
6 0.5152122652235956 1.928966968407095
6 0.5176993808066629 1.934500567437709
6 0.5201864963897301 1.9399958428268231
6 0.5226736119727974 1.9454459644735378
6 0.5251607275558647 1.9508440678051833
6 0.5276478431389321 1.9561832581100962
6 0.5301349587219994 1.9614566148953154
6 0.5326220743050667 1.9666571962667165
6 0.535109189888134 1.9717780433290928
6 0.5375963054712014 1.9768121846036593
6 0.5400834210542687 1.9817526404604675
6 0.542570536637336 1.9865924275631923
6 0.5450576522204034 1.9913245633237604
6 0.5475447678034707 1.9959420703642714
6 0.550031883386538 2.0004379809836474
6 0.5525189989696053 2.004805341626504
6 0.5550061145526727 2.0090372173516102
6 0.55749323013574 2.0131266962974674
6 0.5599803457188073 2.01706689414239
6 0.5624674613018746 2.020850958556553
6 0.564954576884942 2.024472073643499
6 0.5674416924680094 2.0279234643684756
6 0.5699288080510766 2.03119840097116
6 0.572415923634144 2.0342902033601815
6 0.5749030392172113 2.0371922454869544
6 0.5773901548002787 2.039897959696304
6 0.5798772703833459 2.042400841051393
6 0.5823643859664133 2.0446944516304777
6 0.5848515015494806 2.046772424793019
6 0.5873386171325479 2.0486284694127104
6 0.5898257327156152 2.050256374074995
6 0.5923128482986826 2.051650011236659
6 0.5947999638817499 2.0528033413451183
6 0.5972870794648172 2.0537104169150386
6 0.5997741950478845 2.054365386559938
6 0.6022613106309519 2.0547624989764786
6 0.6047484262140193 2.0548961068791343
6 0.6047484262140193 2.0548961068791343
6 0.6097226573801539 2.0543507633324785
6 0.6146968885462885 2.052686404168595
6 0.619671119712423 2.0498619846022725
6 0.6246453508785575 2.0458384826853973
6 0.6296195820446923 2.04057901103543
6 0.6345938132108268 2.034048924165008
6 0.6395680443769614 2.0262159211664685
6 0.644542275543096 2.017050143516051
6 0.6495165067092307 2.0065242677741
6 0.6544907378753652 1.9946135929699578
6 0.6594649690414998 1.9812961224731989
6 0.6644392002076344 1.9665526401667344
6 0.6694134313737691 1.9503667807519833
6 0.6743876625399036 1.9327250940319507
6 0.6793618937060381 1.9136171030348255
6 0.6843361248721728 1.8930353558588244
6 0.6893103560383074 1.8709754711386768
6 0.694284587204442 1.847436177055864
6 0.6992588183705765 1.822419343838901
6 0.7042330495367112 1.7959300097274022
6 0.7092072807028458 1.7679764004053329
6 0.7141815118689804 1.7385699419461225
6 0.7191557430351149 1.707725267357201
6 0.7241299742012495 1.675460216866754
6 0.7291042053673842 1.6417958321650863
6 0.7340784365335187 1.606756344902942
6 0.7390526676996534 1.5703691598677332
6 0.7440268988657879 1.5326648334194746
6 0.7490011300319226 1.493677047990327
6 0.7539753611980571 1.4534425837662084
6 0.7589495923641918 1.4120012891237061
6 0.7639238235303264 1.3693960520682718
6 0.7688980546964611 1.3256727759370324
6 0.7738722858625957 1.280880364206088
6 0.7788465170287304 1.2350707217458423
6 0.7838207481948649 1.1882987839549748
6 0.7887949793609995 1.1406225920761226
6 0.7937692105271341 1.0921034449421714
6 0.7987434416932687 1.0428061789556495
6 0.8037176728594034 0.9927996686811335
6 0.808691904025538 0.9421577206654762
6 0.8136661351916727 0.8909607011203778
6 0.8186403663578073 0.8392986147524493
6 0.823614597523942 0.7872772687526899
6 0.8285888286900766 0.7350316252641704
6 0.8335630598562113 0.6827580055526918
6 0.8385372910223458 0.6308041338086745
6 0.8435115221884805 0.5799788788976887
6 0.8484857533546151 0.5329564020682432
6 0.8534599845207497 0.5008975664787485
6 0.8584342156868843 0.49891265405446267
6 0.8634084468530189 0.5115510279459576
6 0.8683826780191536 0.527577887672274
6 0.8733569091852882 0.5443716889090809
6 0.8783311403514228 0.5611956839059921
6 0.8833053715175574 0.5777768087699109
6 0.8882796026836921 0.5939930023303938
6 0.8932538338498267 0.6097823708543351
6 0.8982280650159613 0.6251106491510533
6 0.9032022961820959 0.63995764004958
6 0.9081765273482306 0.6543108857310149
6 0.9131507585143652 0.668162442066097
6 0.9181249896804997 0.6815071127035592
6 0.9230992208466344 0.6943414215809312
6 0.928073452012769 0.7066629808872334
6 0.9330476831789037 0.718470079931376
6 0.9380219143450382 0.7297614003882357
6 0.942996145511173 0.740535803323214
6 0.9479703766773075 0.7507921538575186
6 0.9529446078434423 0.760529159613655
6 0.9579188390095768 0.7697452034567431
6 0.9628930701757115 0.7784381514061083
6 0.9678673013418461 0.7866051135141118
6 0.9728415325079808 0.794242128731121
6 0.9778157636741153 0.8013437333884001
6 0.9827899948402499 0.8079023556354974
6 0.9877642260063846 0.8139074541687162
6 0.9927384571725192 0.819344291739071
6 0.9977126883386538 0.8241922187986925
6 1.0026869195047885 0.8284224001450136
6 1.007661150670923 0.8319952304787821
6 1.0126353818370577 0.8348587387488343
6 1.0176096130031922 0.8369520896704888
6 1.022583844169327 0.8382237815461147
6 1.0275580753354616 0.8386782695268861
6 1.0325323065015963 0.8384482229183703
6 1.0375065376677308 0.8378356311225442
6 1.0424807688338653 0.8372410545725754
6 1.047455 0.836999999999999
7 0.0 0.8370000000000001
7 0.004307810554168854 0.8379420433646297
7 0.008615621108337707 0.8406857262991694
7 0.01292343166250656 0.8449688127803051
7 0.017231242216675415 0.8503249150080566
7 0.021539052770844266 0.8561273887430602
7 0.02584686332501312 0.861794095269339
7 0.030154673879181974 0.8670387643416471
7 0.03446248443335083 0.8718904856884856
7 0.03877029498751968 0.876516637526749
7 0.04307810554168853 0.8810837482986803
7 0.047385916095857385 0.8857143285179191
7 0.05169372665002624 0.8904891594622371
7 0.056001537204195095 0.8954590973803406
7 0.06030934775836395 0.9006551742513393
7 0.0646171583125328 0.9060954811436877
7 0.06892496886670166 0.9117895673383984
7 0.0732327794208705 0.9177412189850063
7 0.07754058997503936 0.9239502307167669
7 0.0818484005292082 0.9304135564006628
7 0.08615621108337707 0.9371260738411764
7 0.09046402163754592 0.9440811056899299
7 0.09477183219171477 0.9512707835411323
7 0.09907964274588364 0.9586863091956963
7 0.10338745330005247 0.9663181471766505
7 0.10769526385422135 0.9741561703978024
7 0.11200307440839019 0.9821897733071413
7 0.11631088496255905 0.9904079620280724
7 0.1206186955167279 0.9987994279330585
7 0.12492650607089675 1.0073526090651599
7 0.1292343166250656 1.0160557424831425
7 0.13354212717923447 1.0248969097053955
7 0.13784993773340332 1.0338640768157183
7 0.1421577482875722 1.042945130374156
7 0.146465558841741 1.052127909986847
7 0.1507733693959099 1.0614002381895966
7 0.15508117995007872 1.0707499481645217
7 0.1593889905042476 1.080164909720155
7 0.1636968010584164 1.089633053911909
7 0.16800461161258531 1.099142396655336
7 0.17231242216675413 1.1086810616860816
7 0.176620232720923 1.1182373032478519
7 0.18092804327509185 1.1277995289465046
7 0.18523585382926072 1.1373563233012713
7 0.18954366438342954 1.1468964726654018
7 0.19385147493759844 1.1564089923975538
7 0.19815928549176728 1.1658831574728368
7 0.2024670960459361 1.1753085381774562
7 0.20677490660010495 1.1846750432116713
7 0.21108271715427385 1.193972973559912
7 0.2153905277084427 1.203193092087444
7 0.2196983382626115 1.2123267163521922
7 0.22400614881678038 1.2213658462141386
7 0.22831395937094925 1.2303033446290301
7 0.2326217699251181 1.2391332016657342
7 0.23692958047928692 1.2478509324235707
7 0.2412373910334558 1.2564541974881902
7 0.24554520158762466 1.2649438074761696
7 0.2498530121417935 1.2733254203347302
7 0.25416082269596235 1.281612554207558
7 0.2584686332501312 1.2898322546709107
7 0.2627764438043001 1.2980365132169422
7 0.26708425435846894 1.3063272214934563
7 0.2713920649126378 1.3149159918308164
7 0.27569987546680663 1.3242806081662104
7 0.2800076860209755 1.335571075474198
7 0.2843154965751444 1.3511753280242067
7 0.2886233071293132 1.3730183077832827
7 0.292931117683482 1.399153794403833
7 0.2972389282376509 1.426701405308785
7 0.3015467387918198 1.4541888375892904
7 0.3058545493459886 1.4809888878059172
7 0.31016235990015745 1.5068072905214913
7 0.3144701704543263 1.5314842475107795
7 0.3187779810084952 1.5549203831525575
7 0.32308579156266404 1.5770466545978479
7 0.3273936021168328 1.5978109000265595
7 0.3317014126710017 1.6171712994223026
7 0.33600922322517063 1.635092965721732
7 0.3403170337793394 1.6515460626872982
7 0.34462484433350826 1.6665047155831019
7 0.34893265488767716 1.679946355934062
7 0.353240465441846 1.6918513148571452
7 0.35754827599601485 1.7022025642590106
7 0.3618560865501837 1.7109855489000085
7 0.36616389710435254 1.718188075887136
7 0.37047170765852144 1.723800241384733
7 0.3747795182126903 1.7278143820375056
7 0.3790873287668591 1.7302250432579085
7 0.383395139321028 1.7310289594596404
7 0.383395139321028 1.7310289594596404
7 0.3858822549040953 1.7311186223741288
7 0.38836937048716264 1.7313875242410437
7 0.3908564860702299 1.731835404483943
7 0.39334360165329724 1.7324618289861053
7 0.39583071723636454 1.733266190356393
7 0.3983178328194319 1.7342477083013061
7 0.40080494840249914 1.7354054301029667
7 0.4032920639855665 1.7367382312027417
7 0.40577917956863374 1.7382448158902313
7 0.40826629515170104 1.7399237180972107
7 0.4107534107347684 1.7682419764875212
7 0.4132405263178357 1.8028647888079607
7 0.41572764190090306 1.8375395215358357
7 0.4182147574839703 1.8722642232866429
7 0.42070187306703766 1.9070371124806014
7 0.4231889886501049 1.941856521839229
7 0.42567610423317226 1.9767208624689545
7 0.42816321981623956 2.011628599924358
7 0.4306503353993069 2.046578237842768
7 0.4331374509823742 2.081568306503171
7 0.4356245665654416 2.116597354669707
7 0.4381116821485089 2.1516639436758593
7 0.4405987977315762 2.186766643068113
7 0.4430859133146435 2.221904027354792
7 0.4455730288977108 2.2570746735510476
7 0.4480601444807781 2.2922771593060514
7 0.4505472600638454 2.327510061461613
7 0.4530343756469127 2.3627719549347037
7 0.45552149122998 2.398061411845834
7 0.4580086068130473 2.4333770008360953
7 0.4604957223961146 2.468717286530421
7 0.46298283797918194 2.504080829115128
7 0.46546995356224924 2.5394661840056636
7 0.4679570691453166 2.5748719015859347
7 0.4704441847283839 2.6102965270050085
7 0.4729313003114512 2.645738600019969
7 0.47541841589451855 2.681196654876143
7 0.47790553147758585 2.716669220217775
7 0.4803926470606532 2.7521548190235006
7 0.4828797626437205 2.78765196856212
7 0.48536687822678787 2.8231591803649936
7 0.48785399380985517 2.8586749602119506
7 0.4903411093929225 2.8941978081281667
7 0.4928282249759898 2.9297262183897947
7 0.4953153405590572 2.9652586795364404
7 0.4978024561421245 3.000793674388718
7 0.5002895717251917 3.0363296800693904
7 0.5027766873082591 3.0718651680264797
7 0.5052638028913263 3.1073986040569666
7 0.5077509184743937 3.1429284483294837
7 0.5102380340574609 3.1784531554044566
7 0.5127251496405283 3.2139711742499273
7 0.5152122652235956 3.2494809482510423
7 0.5176993808066629 3.2849809152109604
7 0.5201864963897301 3.32046950734053
7 0.5226736119727974 3.3559451512333274
7 0.5251607275558647 3.3914062678223105
7 0.5276478431389321 3.426851272312953
7 0.5301349587219994 3.4622785740868727
7 0.5326220743050667 3.497686576568074
7 0.535109189888134 3.5330736770418443
7 0.5375963054712014 3.568438266413427
7 0.5400834210542687 3.6037787288895657
7 0.542570536637336 3.6390934415608784
7 0.5450576522204034 3.6743807738552414
7 0.5475447678034707 3.709639086822469
7 0.550031883386538 3.744866732195585
7 0.5525189989696053 3.780062051153591
7 0.5550061145526727 3.815223372679922
7 0.55749323013574 3.850349011366342
7 0.5599803457188073 3.8854372644446706
7 0.5624674613018746 3.9204864077257113
7 0.564954576884942 3.955494689963269
7 0.5674416924680094 3.9904603249020134
7 0.5699288080510766 4.025381479840985
7 0.572415923634144 4.060256258819288
7 0.5749030392172113 4.095082677256463
7 0.5773901548002787 4.129858622552984
7 0.5798772703833459 4.164581790712374
7 0.5823643859664133 4.1992495801067555
7 0.5848515015494806 4.233858904379599
7 0.5873386171325479 4.268405842406925
7 0.5898257327156152 4.302884931989044
7 0.5923128482986826 4.337287598764107
7 0.5947999638817499 4.371598172345138
7 0.5972870794648172 4.405781704888014
7 0.5997741950478845 4.439733938270699
7 0.6022613106309519 4.4729206902825664
7 0.6047484262140193 4.495500000000003
7 0.6047484262140193 4.495500000000003
7 0.6097226573801539 4.466985712061847
7 0.6146968885462885 4.432276495794623
7 0.619671119712423 4.396662412889352
7 0.6246453508785575 4.360343066737432
7 0.6296195820446923 4.323367457299794
7 0.6345938132108268 4.285757861169986
7 0.6395680443769614 4.247528851423756
7 0.644542275543096 4.208692198825826
7 0.6495165067092307 4.169258536825001
7 0.6544907378753652 4.129238038319145
7 0.6594649690414998 4.088640728998901
7 0.6644392002076344 4.047476648221459
7 0.6694134313737691 4.005755939321114
7 0.6743876625399036 3.963488904727437
7 0.6793618937060381 3.920686042510205
7 0.6843361248721728 3.877358072719257
7 0.6893103560383074 3.8335159579865428
7 0.694284587204442 3.789170920902372
7 0.6992588183705765 3.7443344596451253
7 0.7042330495367112 3.699018362777289
7 0.7092072807028458 3.653234723796635
7 0.7141815118689804 3.606995955842034
7 0.7191557430351149 3.5603148068390813
7 0.7241299742012495 3.513204375301464
7 0.7291042053673842 3.465678126961119
7 0.7340784365335187 3.4177499123741444
7 0.7390526676996534 3.3694339856339433
7 0.7440268988657879 3.3207450243147036
7 0.7490011300319226 3.2716981507639735
7 0.7539753611980571 3.222308954862667
7 0.7589495923641918 3.1725935183720737
7 0.7639238235303264 3.1225684409902876
7 0.7688980546964611 3.0722508682446223
7 0.7738722858625957 3.0216585213511515
7 0.7788465170287304 2.970809729177754
7 0.7838207481948649 2.919723462452171
7 0.7887949793609995 2.868419370361988
7 0.7937692105271341 2.816917819698182
7 0.7987434416932687 2.765239936698042
7 0.8037176728594034 2.713407651746555
7 0.808691904025538 2.6614437470971226
7 0.8136661351916727 2.609371907772057
7 0.8186403663578073 2.5572167758012325
7 0.823614597523942 2.5050040079507063
7 0.8285888286900766 2.452760337083869
7 0.8335630598562113 2.400513637282346
7 0.8385372910223458 2.348292992832708
7 0.8435115221884805 2.2961287711563814
7 0.8484857533546151 2.244052699721742
7 0.8534599845207497 2.1920979469280564
7 0.8584342156868843 2.1402992068879976
7 0.8634084468530189 2.088692787956579
7 0.8683826780191536 2.0373167047565226
7 0.8733569091852882 1.9862107733301104
7 0.8783311403514228 1.9354167089019272
7 0.8833053715175574 1.8849782255618368
7 0.8882796026836921 1.834941136968765
7 0.8932538338498267 1.7853534569296525
7 0.8982280650159613 1.7362654984199803
7 0.9032022961820959 1.6877299692794443
7 0.9081765273482306 1.6398020624355574
7 0.9131507585143652 1.5925395380783407
7 0.9181249896804997 1.5460027947312154
7 0.9230992208466344 1.5002549256407647
7 0.928073452012769 1.4553617563485748
7 0.9330476831789037 1.4113918587252146
7 0.9380219143450382 1.3684165361582714
7 0.942996145511173 1.3265097740215404
7 0.9479703766773075 1.2857481490465126
7 0.9529446078434423 1.2462106908181396
7 0.9579188390095768 1.2079786883807053
7 0.9628930701757115 1.171135434936159
7 0.9678673013418461 1.135765903920929
7 0.9728415325079808 1.1019563504405379
7 0.9778157636741153 1.0697938332039585
7 0.9827899948402499 1.0393656538022633
7 0.9877642260063846 1.0107587124698623
7 0.9927384571725192 0.9840587823683155
7 0.9977126883386538 0.9593497079132706
7 1.0026869195047885 0.9367125366343854
7 1.007661150670923 0.9162245983562347
7 1.0126353818370577 0.897958549881088
7 1.0176096130031922 0.8819814075392899
7 1.022583844169327 0.8683535935950063
7 1.0275580753354616 0.8571280251762945
7 1.0325323065015963 0.8483492757789439
7 1.0375065376677308 0.8420528391763289
7 1.0424807688338653 0.8382645235694217
7 1.047455 0.8370000000000001
8 0.0 0.8814381102253993
8 0.004307810554168854 0.8820036960700424
8 0.008615621108337707 0.8837774170020828
8 0.01292343166250656 0.8870051539753651
8 0.017231242216675415 0.8921263529506201
8 0.021539052770844266 0.8997305904224673
8 0.02584686332501312 0.9103534296605612
8 0.030154673879181974 0.9242258087235824
8 0.03446248443335083 0.9412554042169643
8 0.03877029498751968 0.9612046318703527
8 0.04307810554168853 0.9838307570755236
8 0.047385916095857385 1.0089300493042908
8 0.05169372665002624 1.036336467257721
8 0.056001537204195095 1.0659107934040915
8 0.06030934775836395 1.0975314184910443
8 0.0646171583125328 1.131088276107075
8 0.06892496886670166 1.1664791846362157
8 0.0732327794208705 1.203607727383365
8 0.07754058997503936 1.2423820555168765
8 0.0818484005292082 1.2827142286540307
8 0.08615621108337707 1.324519861574214
8 0.09046402163754592 1.3677179398089228
8 0.09477183219171477 1.4122307232775455
8 0.09907964274588364 1.4579836908066248
8 0.10338745330005247 1.5049054985500834
8 0.10769526385422135 1.5529279374796097
8 0.11200307440839019 1.601985882435901
8 0.11631088496255905 1.6520172296100308
8 0.1206186955167279 1.7029628218903166
8 0.12492650607089675 1.7547663629520867
8 0.1292343166250656 1.8073743217116938
8 0.13354212717923447 1.8607358290799618
8 0.13784993773340332 1.9148025690040547
8 0.1421577482875722 1.9695286656890856
8 0.146465558841741 2.0248705687113486
8 0.1507733693959099 2.080786937517921
8 0.15508117995007872 2.13723852658002
8 0.1593889905042476 2.1941880722467517
8 0.1636968010584164 2.2516001821410243
8 0.16800461161258531 2.3094412277555696
8 0.17231242216675413 2.36767924074542
8 0.176620232720923 2.4262838132748423
8 0.18092804327509185 2.4852260026592545
8 0.18523585382926072 2.544478240445055
8 0.18954366438342954 2.604014245990479
8 0.19385147493759844 2.6638089445457975
8 0.19815928549176728 2.7238383897800715
8 0.2024670960459361 2.7840796906617733
8 0.20677490660010495 2.8445109425702677
8 0.21108271715427385 2.905111162492927
8 0.2153905277084427 2.9658602281469117
8 0.2196983382626115 3.026738820854492
8 0.22400614881678038 3.087728371994701
8 0.22831395937094925 3.148811012851823
8 0.2326217699251181 3.2099695276814195
8 0.23692958047928692 3.271187309817147
8 0.2412373910334558 3.3324483206454287
8 0.24554520158762466 3.3937370512804965
8 0.2498530121417935 3.455038486778071
8 0.25416082269596235 3.516338072732713
8 0.2584686332501312 3.5776216841105155
8 0.2627764438043001 3.6388755961758186
8 0.26708425435846894 3.7000864573773327
8 0.2713920649126378 3.7612412640656614
8 0.27569987546680663 3.822327336920249
8 0.2800076860209755 3.8833322989691896
8 0.2843154965751444 3.944244055090177
8 0.2886233071293132 4.005050772884154
8 0.292931117683482 4.065740864815258
8 0.2972389282376509 4.126302971510553
8 0.3015467387918198 4.186725946109332
8 0.3058545493459886 4.246998839543836
8 0.31016235990015745 4.3071108866173855
8 0.3144701704543263 4.367051492718712
8 0.3187779810084952 4.426810220963897
8 0.32308579156266404 4.486376779477516
8 0.3273936021168328 4.5457410083853675
8 0.3317014126710017 4.604892865845345
8 0.33600922322517063 4.6638224119923155
8 0.3403170337793394 4.722519788814034
8 0.34462484433350826 4.7809751922540835
8 0.34893265488767716 4.839178829177773
8 0.353240465441846 4.897120843470118
8 0.35754827599601485 4.954791174620974
8 0.3618560865501837 5.012179253618423
8 0.36616389710435254 5.0692732508823015
8 0.37047170765852144 5.126057831636509
8 0.3747795182126903 5.182505209447541
8 0.3790873287668591 5.238513010761384
8 0.383395139321028 5.288275541717
8 0.383395139321028 5.288275541717
8 0.3858822549040953 5.2881729825996695
8 0.38836937048716264 5.287865310309229
8 0.3908564860702299 5.2873525400303025
8 0.39334360165329724 5.2866346970706335
8 0.39583071723636454 5.28571181686107
8 0.3983178328194319 5.284583944955655
8 0.40080494840249914 5.283251137031601
8 0.4032920639855665 5.281713458889439
8 0.40577917956863374 5.279970986453088
8 0.40826629515170104 5.278023805769964
8 0.4107534107347684 5.275872013011209
8 0.4132405263178357 5.273515714471867
8 0.41572764190090306 5.2709550265712135
8 0.4182147574839703 5.268190075853069
8 0.42070187306703766 5.265220998986322
8 0.4231889886501049 5.262047942765379
8 0.42567610423317226 5.258671064110935
8 0.42816321981623956 5.255090530070685
8 0.4306503353993069 5.251306517820344
8 0.4331374509823742 5.247319214664752
8 0.4356245665654416 5.243128818039194
8 0.4381116821485089 5.238735535511031
8 0.4405987977315762 5.234139584781411
8 0.4430859133146435 5.2293411936874605
8 0.4455730288977108 5.224340600204648
8 0.4480601444807781 5.21913805244963
8 0.4505472600638454 5.2137338086833545
8 0.4530343756469127 5.208128137314763
8 0.45552149122998 5.2023213169049045
8 0.4580086068130473 5.196313636171593
8 0.4604957223961146 5.190105393994701
8 0.46298283797918194 5.183696899422232
8 0.46546995356224924 5.177088471676985
8 0.4679570691453166 5.1702804401642
8 0.4704441847283839 5.163273144480135
8 0.4729313003114512 5.15606693442165
8 0.47541841589451855 5.1486621699970705
8 0.47790553147758585 5.1410592214382875
8 0.4803926470606532 5.133258469214407
8 0.4828797626437205 5.1252603040470746
8 0.48536687822678787 5.117065126927698
8 0.48785399380985517 5.108673349136744
8 0.4903411093929225 5.100085392265608
8 0.4928282249759898 5.091301688241068
8 0.4953153405590572 5.082322679353007
8 0.4978024561421245 5.073148818285739
8 0.5002895717251917 5.063780568153442
8 0.5027766873082591 5.0542184025403785
8 0.5052638028913263 5.044462805546724
8 0.5077509184743937 5.034514271840838
8 0.5102380340574609 5.024373306719109
8 0.5127251496405283 5.014040426174726
8 0.5152122652235956 5.00351615697695
8 0.5176993808066629 4.992801036763033
8 0.5201864963897301 4.981895614144943
8 0.5226736119727974 4.970800448834325
8 0.5251607275558647 4.959516111789147
8 0.5276478431389321 4.9480431853869895
8 0.5301349587219994 4.936382263631049
8 0.5326220743050667 4.924533952396419
8 0.535109189888134 4.912498869726608
8 0.5375963054712014 4.900277646193251
8 0.5400834210542687 4.887870925335568
8 0.542570536637336 4.875279364201968
8 0.5450576522204034 4.862503634023267
8 0.5475447678034707 4.849544421057389
8 0.550031883386538 4.836402427660184
8 0.5525189989696053 4.82307837365753
8 0.5550061145526727 4.80957299812454
8 0.55749323013574 4.795887061721948
8 0.5599803457188073 4.78202134980765
8 0.5624674613018746 4.767976676643739
8 0.564954576884942 4.753753891181361
8 0.5674416924680094 4.73935388516462
8 0.5699288080510766 4.724777604721764
8 0.572415923634144 4.710026067337226
8 0.5749030392172113 4.695100387371944
8 0.5773901548002787 4.680001815626799
8 0.5798772703833459 4.664731802887377
8 0.5823643859664133 4.64929210632878
8 0.5848515015494806 4.633684976786358
8 0.5873386171325479 4.617913508971327
8 0.5898257327156152 4.60198234795954
8 0.5923128482986826 4.585899260461611
8 0.5947999638817499 4.569679118873461
8 0.5972870794648172 4.553356082899466
8 0.5997741950478845 4.537033632568173
8 0.6022613106309519 4.521245182241757
8 0.6047484262140193 4.515831935443283
8 0.6047484262140193 4.515831935443283
8 0.6097226573801539 4.481404979639425
8 0.6146968885462885 4.446327961450488
8 0.619671119712423 4.410608638831114
8 0.6246453508785575 4.374254967668365
8 0.6296195820446923 4.337275105334221
8 0.6345938132108268 4.2996774145250125
8 0.6395680443769614 4.2614704674081185
8 0.644542275543096 4.222663050097762
8 0.6495165067092307 4.183264167483608
8 0.6544907378753652 4.143283048437653
8 0.6594649690414998 4.102729151427145
8 0.6644392002076344 4.061612170563397
8 0.6694134313737691 4.0199420421188785
8 0.6743876625399036 3.9777289515476406
8 0.6793618937060381 3.9349833410467356
8 0.6843361248721728 3.891715917699639
8 0.6893103560383074 3.847937662245442
8 0.694284587204442 3.8036598385212335
8 0.6992588183705765 3.758894003628361
8 0.7042330495367112 3.71365201887704
8 0.7092072807028458 3.667946061567495
8 0.7141815118689804 3.6217886376697312
8 0.7191557430351149 3.575192595468131
8 0.7241299742012495 3.5281711402412093
8 0.7291042053673842 3.4807378500512205
8 0.7340784365335187 3.4329066927226823
8 0.7390526676996534 3.38469204409358
8 0.7440268988657879 3.3361087076276355
8 0.7490011300319226 3.2871719354809743
8 0.7539753611980571 3.2378974511215666
8 0.7589495923641918 3.18830147360493
8 0.7639238235303264 3.138400743614997
8 0.7688980546964611 3.0882125513843666
8 0.7738722858625957 3.0377547666137197
8 0.7788465170287304 2.98704587051553
8 0.7838207481948649 2.9361049901125473
8 0.7887949793609995 2.884951934926621
8 0.7937692105271341 2.8336072361978237
8 0.7987434416932687 2.782092188777864
8 0.8037176728594034 2.7304288958444194
8 0.808691904025538 2.6786403165844916
8 0.8136661351916727 2.6267503169944195
8 0.8186403663578073 2.574783723941163
8 0.823614597523942 2.5227663826235247
8 0.8285888286900766 2.47072521756191
8 0.8335630598562113 2.4186882972304895
8 0.8385372910223458 2.366684902424681
8 0.8435115221884805 2.314745598429038
8 0.8484857533546151 2.262902311013548
8 0.8534599845207497 2.2111884062394997
8 0.8584342156868843 2.1596387739962926
8 0.8634084468530189 2.10828991511701
8 0.8683826780191536 2.0571800318297706
8 0.8733569091852882 2.0063491211924807
8 0.8783311403514228 1.9558390710273756
8 0.8833053715175574 1.9056937577165871
8 0.8882796026836921 1.8559591450388915
8 0.8932538338498267 1.806683383018866
8 0.8982280650159613 1.7579169055229267
8 0.9032022961820959 1.709712525072705
8 0.9081765273482306 1.6621255230590468
8 0.9131507585143652 1.6152137332368712
8 0.9181249896804997 1.5690376160750537
8 0.9230992208466344 1.5236603212472573
8 0.928073452012769 1.4791477353115943
8 0.9330476831789037 1.4355685114868677
8 0.9380219143450382 1.3929940784627075
8 0.942996145511173 1.3514986254840107
8 0.9479703766773075 1.3111590616791728
8 0.9529446078434423 1.2720549489785609
8 0.9579188390095768 1.2342684103198287
8 0.9628930701757115 1.1978840186361215
8 0.9678673013418461 1.1629886780669816
8 0.9728415325079808 1.129671517914182
8 0.9778157636741153 1.0980238334337493
8 0.9827899948402499 1.0681391271837188
8 0.9877642260063846 1.0401133312970692
8 0.9927384571725192 1.0140453219494672
8 0.9977126883386538 0.9900378558861728
8 1.0026869195047885 0.968199005190265
8 1.007661150670923 0.9486438574552991
8 1.0126353818370577 0.9314951986211487
8 1.0176096130031922 0.9168790910181868
8 1.022583844169327 0.9049057716600016
8 1.0275580753354616 0.8956221681578209
8 1.0325323065015963 0.8889388513059893
8 1.0375065376677308 0.8845882370827146
8 1.0424807688338653 0.8821947671266872
8 1.047455 0.8814381102253993
9 0.0 8.086547423692522
9 0.004307810554168854 8.086152137488186
9 0.008615621108337707 8.084966349610763
9 0.01292343166250656 8.08299027224222
9 0.017231242216675415 8.080224258936708
9 0.021539052770844266 8.076668804496999
9 0.02584686332501312 8.072324544801507
9 0.030154673879181974 8.067192256582212
9 0.03446248443335083 8.061272857153428
9 0.03877029498751968 8.054567404091864
9 0.04307810554168853 8.047077094867925
9 0.047385916095857385 8.038803266428669
9 0.05169372665002624 8.029747394732786
9 0.056001537204195095 8.019911094237795
9 0.06030934775836395 8.009296117339778
9 0.0646171583125328 7.997904353766333
9 0.06892496886670166 7.985737829922857
9 0.0732327794208705 7.972798708192866
9 0.07754058997503936 7.959089286192779
9 0.0818484005292082 7.944611995981676
9 0.08615621108337707 7.929369403226831
9 0.09046402163754592 7.913364206325291
9 0.09477183219171477 7.896599235482512
9 0.09907964274588364 7.879077451748659
9 0.10338745330005247 7.860801946013179
9 0.10769526385422135 7.841775937958648
9 0.11200307440839019 7.82200277497458
9 0.11631088496255905 7.801485931032161
9 0.1206186955167279 7.780229005520821
9 0.12492650607089675 7.758235722047546
9 0.1292343166250656 7.73550992720004
9 0.13354212717923447 7.712055589274639
9 0.13784993773340332 7.687876796970409
9 0.1421577482875722 7.662977758050137
9 0.146465558841741 7.637362797969822
9 0.1507733693959099 7.611036358477741
9 0.15508117995007872 7.584002996184354
9 0.1593889905042476 7.556267381104654
9 0.1636968010584164 7.527834295174098
9 0.16800461161258531 7.4987086307399125
9 0.17231242216675413 7.468895389029052
9 0.176620232720923 7.438399678594629
9 0.18092804327509185 7.407226713742447
9 0.18523585382926072 7.37538181293939
9 0.18954366438342954 7.342870397205512
9 0.19385147493759844 7.309697988491709
9 0.19815928549176728 7.275870208045109
9 0.2024670960459361 7.241392774764162
9 0.20677490660010495 7.206271503545635
9 0.21108271715427385 7.170512303625836
9 0.2153905277084427 7.134121176918529
9 0.2196983382626115 7.097104216351955
9 0.22400614881678038 7.059467604207834
9 0.22831395937094925 7.021217610465001
9 0.2326217699251181 6.982360591150705
9 0.23692958047928692 6.942902986702942
9 0.2412373910334558 6.902851320347028
9 0.24554520158762466 6.862212196490308
9 0.2498530121417935 6.820992299138899
9 0.25416082269596235 6.779198390340892
9 0.2584686332501312 6.736837308660948
9 0.2627764438043001 6.693915967691656
9 0.26708425435846894 6.650441354607944
9 0.2713920649126378 6.6064205287715705
9 0.27569987546680663 6.561860620394269
9 0.2800076860209755 6.516768829269385
9 0.2843154965751444 6.471152423584627
9 0.2886233071293132 6.4250187388310955
9 0.292931117683482 6.378375176828619
9 0.2972389282376509 6.331229204893493
9 0.3015467387918198 6.28358835518391
9 0.3058545493459886 6.235460224272048
9 0.31016235990015745 6.186852473012622
9 0.3144701704543263 6.1377728268099725
9 0.3187779810084952 6.088229076437421
9 0.32308579156266404 6.038229079647196
9 0.3273936021168328 5.987780763952199
9 0.3317014126710017 5.93689213121093
9 0.33600922322517063 5.885571265100878
9 0.3403170337793394 5.833826343428335
9 0.34462484433350826 5.781665658946738
9 0.34893265488767716 5.729097656018978
9 0.353240465441846 5.6761309988285955
9 0.35754827599601485 5.62277470776224
9 0.3618560865501837 5.569038459121773
9 0.36616389710435254 5.514933333416949
9 0.37047170765852144 5.4604740568246815
9 0.3747795182126903 5.405687945075191
9 0.3790873287668591 5.3506770369224474
9 0.383395139321028 5.301246825912988
9 0.383395139321028 5.301246825912988
9 0.3858822549040953 5.301144313734421
9 0.38836937048716264 5.3008367822746045
9 0.3908564860702299 5.3003242467611384
9 0.39334360165329724 5.299606732573304
9 0.39583071723636454 5.298684275242032
9 0.3983178328194319 5.29755692044982
9 0.40080494840249914 5.296224724030595
9 0.4032920639855665 5.2946877519696525
9 0.40577917956863374 5.292946080403496
9 0.40826629515170104 5.290999795619709
9 0.4107534107347684 5.288848994056825
9 0.4132405263178357 5.286493782304184
9 0.41572764190090306 5.28393427710181
9 0.4182147574839703 5.281170605340277
9 0.42070187306703766 5.278202904060638
9 0.4231889886501049 5.2750313204543575
9 0.42567610423317226 5.2716560118633
9 0.42816321981623956 5.268077145779697
9 0.4306503353993069 5.264294899846304
9 0.4331374509823742 5.260309461856522
9 0.4356245665654416 5.256121029754595
9 0.4381116821485089 5.251729811635966
9 0.4405987977315762 5.247136025747693
9 0.4430859133146435 5.24233990048902
9 0.4455730288977108 5.237341674412009
9 0.4480601444807781 5.23214159622239
9 0.4505472600638454 5.226739924780538
9 0.4530343756469127 5.221136929102646
9 0.45552149122998 5.21533288836209
9 0.4580086068130473 5.209328091890989
9 0.4604957223961146 5.203122839182034
9 0.46298283797918194 5.1967174398905245
9 0.46546995356224924 5.190112213836727
9 0.4679570691453166 5.183307491008482
9 0.4704441847283839 5.176303611564146
9 0.4729313003114512 5.169100925835888
9 0.47541841589451855 5.161699794333287
9 0.47790553147758585 5.154100587747411
9 0.4803926470606532 5.146303686955196
9 0.4828797626437205 5.138309483024368
9 0.48536687822678787 5.130118377218718
9 0.48785399380985517 5.121730781003992
9 0.4903411093929225 5.113147116054181
9 0.4928282249759898 5.1043678142584215
9 0.4953153405590572 5.0953933177285125
9 0.4978024561421245 5.086224078806924
9 0.5002895717251917 5.076860560075609
9 0.5027766873082591 5.067303234365328
9 0.5052638028913263 5.057552584765837
9 0.5077509184743937 5.047609104636681
9 0.5102380340574609 5.037473297618915
9 0.5127251496405283 5.02714567764751
9 0.5152122652235956 5.016626768964729
9 0.5176993808066629 5.005917106134339
9 0.5201864963897301 4.99501723405678
9 0.5226736119727974 4.983927707985344
9 0.5251607275558647 4.972649093543342
9 0.5276478431389321 4.961181966742351
9 0.5301349587219994 4.949526914001638
9 0.5326220743050667 4.937684532168636
9 0.535109189888134 4.92565542854076
9 0.5375963054712014 4.913440220888395
9 0.5400834210542687 4.901039537479225
9 0.542570536637336 4.8884540171039585
9 0.5450576522204034 4.87568430910346
9 0.5475447678034707 4.862731073397315
9 0.550031883386538 4.84959498051402
9 0.5525189989696053 4.836276711622676
9 0.5550061145526727 4.8227769585664095
9 0.55749323013574 4.809096423897438
9 0.5599803457188073 4.795235820914
9 0.5624674613018746 4.7811958736990565
9 0.564954576884942 4.76697731716095
9 0.5674416924680094 4.752580897076019
9 0.5699288080510766 4.738007370133291
9 0.572415923634144 4.723257503981284
9 0.5749030392172113 4.708332077277035
9 0.5773901548002787 4.693231879737364
9 0.5798772703833459 4.677957712192551
9 0.5823643859664133 4.662510386642431
9 0.5848515015494806 4.646890726315003
9 0.5873386171325479 4.63109956572765
9 0.5898257327156152 4.615137750751161
9 0.5923128482986826 4.599006138676365
9 0.5947999638817499 4.582705598283866
9 0.5972870794648172 4.566237009916567
9 0.5997741950478845 4.549601265555502
9 0.6022613106309519 4.53279926889866
9 0.6047484262140193 4.515831935443286
9 0.6047484262140193 4.515831935443286
9 0.6097226573801539 4.577978656802577
9 0.6146968885462885 4.645382533027982
9 0.619671119712423 4.712747841001253
9 0.6246453508785575 4.77986950401175
9 0.6296195820446923 4.846693244450118
9 0.6345938132108268 4.913191711632998
9 0.6395680443769614 4.979345470185404
9 0.644542275543096 5.045138107430707
9 0.6495165067092307 5.110554577379098
9 0.6544907378753652 5.1755805333569365
9 0.6594649690414998 5.240202024493788
9 0.6644392002076344 5.304405345143366
9 0.6694134313737691 5.368176955361345
9 0.6743876625399036 5.431503437101156
9 0.6793618937060381 5.494371469542843
9 0.6843361248721728 5.556767815223945
9 0.6893103560383074 5.618679312544318
9 0.694284587204442 5.680092872176114
9 0.6992588183705765 5.740995475944921
9 0.7042330495367112 5.801374177318714
9 0.7092072807028458 5.861216102968532
9 0.7141815118689804 5.920508455058101
9 0.7191557430351149 5.979238514038123
9 0.7241299742012495 6.037393641794491
9 0.7291042053673842 6.094961285047492
9 0.7340784365335187 6.151928978929797
9 0.7390526676996534 6.208284350691913
9 0.7440268988657879 6.264015123497808
9 0.7490011300319226 6.319109120283212
9 0.7539753611980571 6.373554267655697
9 0.7589495923641918 6.42733859982085
9 0.7639238235303264 6.4804502625219715
9 0.7688980546964611 6.532877516983496
9 0.7738722858625957 6.584608743850121
9 0.7788465170287304 6.635632447115054
9 0.7838207481948649 6.6859372580318555
9 0.7887949793609995 6.735511939005101
9 0.7937692105271341 6.784345387455746
9 0.7987434416932687 6.832426639657512
9 0.8037176728594034 6.879744874541091
9 0.808691904025538 6.926289417463111
9 0.8136661351916727 6.97204974393714
9 0.8186403663578073 7.017015483324196
9 0.823614597523942 7.061176422480354
9 0.8285888286900766 7.104522509359234
9 0.8335630598562113 7.147043856567104
9 0.8385372910223458 7.188730744868678
9 0.8435115221884805 7.229573626641572
9 0.8484857533546151 7.269563129277474
9 0.8534599845207497 7.308690058528304
9 0.8584342156868843 7.346945401795482
9 0.8634084468530189 7.384320331360549
9 0.8683826780191536 7.420806207555679
9 0.8733569091852882 7.456394581872127
9 0.8783311403514228 7.491077200005311
9 0.8833053715175574 7.524846004834854
9 0.8882796026836921 7.557693139338054
9 0.8932538338498267 7.589610949435462
9 0.8982280650159613 7.620591986766971
9 0.9032022961820959 7.6506290113971245
9 0.9081765273482306 7.679714994448418
9 0.9131507585143652 7.707843120660986
9 0.9181249896804997 7.735006790877771
9 0.9230992208466344 7.761199624453618
9 0.928073452012769 7.7864154615874375
9 0.9330476831789037 7.8106483655759185
9 0.9380219143450382 7.833892624988101
9 0.942996145511173 7.8561427557593415
9 0.9479703766773075 7.8773935032039635
9 0.9529446078434423 7.8976398439453295
9 0.9579188390095768 7.91687698776278
9 0.9628930701757115 7.935100379353967
9 0.9678673013418461 7.952305700012312
9 0.9728415325079808 7.968488869218417
9 0.9778157636741153 7.983646046144633
9 0.9827899948402499 7.997773631072359
9 0.9877642260063846 8.01086826672093
9 0.9927384571725192 8.022926839487921
9 0.9977126883386538 8.03394648059989
9 1.0026869195047885 8.043924567173137
9 1.007661150670923 8.052858723184034
9 1.0126353818370577 8.060746820348356
9 1.0176096130031922 8.067586978909125
9 1.022583844169327 8.07337756833284
9 1.0275580753354616 8.078117207913373
9 1.0325323065015963 8.081804767283579
9 1.0375065376677308 8.084439366834236
9 1.0424807688338653 8.086020378040017
9 1.047455 8.086547423692522
