Li_TB     
1 0.0 -15.324137884544275
1 0.004963699289235673 -15.32318078916213
1 0.009927398578471346 -15.320309808404774
1 0.014891097867707022 -15.315525858306309
1 0.019854797156942692 -15.308830465146425
1 0.024818496446178364 -15.30022576478509
1 0.029782195735414036 -15.289714501731329
1 0.03474589502464971 -15.277300027946996
1 0.039709594313885384 -15.262986301385634
1 0.044673293603121056 -15.246777884267559
1 0.04963699289235673 -15.228679941091684
1 0.0546006921815924 -15.208698236385228
1 0.05956439147082807 -15.186839132192063
1 0.06452809076006374 -15.163109585301168
1 0.06949179004929942 -15.137517144216147
1 0.0744554893385351 -15.11006994586713
1 0.07941918862777077 -15.080776712066694
1 0.08438288791700645 -15.04964674571078
1 0.08934658720624211 -15.016689926726666
1 0.09431028649547779 -14.981916707769084
1 0.09927398578471346 -14.94533810966631
1 0.10423768507394914 -14.906965716617995
1 0.1092013843631848 -14.866811671146246
1 0.1141650836524205 -14.824888668801764
1 0.11912878294165614 -14.781209952626977
1 0.12409248223089184 -14.735789307377864
1 0.1290561815201275 -14.688641053506426
1 0.1340198808093632 -14.639780040905777
1 0.13898358009859882 -14.589221642419824
1 0.14394727938783453 -14.536981747119778
1 0.14891097867707018 -14.483076753349476
1 0.15387467796630588 -14.427523561541918
1 0.1588383772555415 -14.370339566809413
1 0.16380207654477721 -14.31154265130979
1 0.16876577583401287 -14.251151176391506
1 0.17372947512324857 -14.189183974520084
1 0.1786931744124842 -14.12566034098947
1 0.1836568737017199 -14.060600025420943
1 0.18862057299095555 -13.994023223053379
1 0.19358427228019126 -13.92595056582839
1 0.19854797156942688 -13.856403113274089
1 0.2035116708586626 -13.785402343191784
1 0.20847537014789824 -13.712970142150045
1 0.21343906943713395 -13.639128795790672
1 0.21840276872636957 -13.56390097895153
1 0.22336646801560528 -13.487309745611624
1 0.22833016730484096 -13.40937851866384
1 0.2332938665940766 -13.33013107952107
1 0.23825756588331226 -13.249591557561882
1 0.24322126517254797 -13.167784419422112
1 0.24818496446178365 -13.08473445813862
1 0.2531486637510193 -13.00046678215238
1 0.258112363040255 -12.915006804177665
1 0.26307606232949066 -12.8283802299445
1 0.2680397616187263 -12.740613046821824
1 0.2730034609079619 -12.65173151232893
1 0.2779671601971976 -12.561762142542493
1 0.28293085948643326 -12.470731700407393
1 0.28789455877566894 -12.37866718395873
1 0.29285825806490456 -12.28559581446343
1 0.29782195735414024 -12.191545024488835
1 0.3027856566433759 -12.096542445907131
1 0.3077493559326116 -12.000615897843275
1 0.3127130552218472 -11.90379337457485
1 0.3176767545110829 -11.806103033392663
1 0.32264045380031864 -11.70757318243062
1 0.3276041530895543 -11.608232268474179
1 0.33256785237878994 -11.508108864757375
1 0.3375315516680256 -11.407231658758871
1 0.34249525095726135 -11.305629440009607
1 0.34745895024649703 -11.203331087925719
1 0.3524226495357326 -11.100365559684835
1 0.3573863488249683 -10.996761878167451
1 0.362350048114204 -10.892549119994186
1 0.3673137474034397 -10.787756403701362
1 0.3722774466926753 -10.682412878118729
1 0.377241145981911 -10.576547711048025
1 0.3822048452711467 -10.470190078403174
1 0.38716854456038235 -10.363369154085095
1 0.3921322438496179 -10.256114101077774
1 0.3970959431388536 -10.1484540646799
1 0.4020596424280893 -10.040418169694394
1 0.40702334171732496 -9.932035525474639
1 0.4119870410065606 -9.823335247916493
1 0.41695074029579626 -9.71434652201773
1 0.42191443958503194 -9.60509877585208
1 0.42687813887426757 -9.495622225676113
1 0.43184183816350324 -9.38595009031276
1 0.4368055374527389 -9.276134145591032
1 0.4417692367419746 -9.170569257278114
1 0.4417692367419746 -9.170569257278114
1 0.4446350298627912 -9.17035622253492
1 0.44750082298360777 -9.169717145456012
1 0.4503666161044243 -9.168652107487928
1 0.4532324092252409 -9.16716124435648
1 0.45609820234605747 -9.165244746039287
1 0.45896399546687405 -9.162902856727118
1 0.4618297885876906 -9.160135874774564
1 0.46469558170850717 -9.156944152639579
1 0.46756137482932375 -9.153328096812297
1 0.4704271679501404 -9.149288167733092
1 0.4732929610709569 -9.144824879699904
1 0.4761587541917735 -9.139938800765
1 0.4790245473125901 -9.134630552621255
1 0.4818903404334066 -9.12890081047793
1 0.4847561335542232 -9.122750302926322
1 0.4876219266750398 -9.116179811795073
1 0.49048771979585637 -9.10919017199558
1 0.4933535129166729 -9.101782271357427
1 0.4962193060374895 -9.09395705045396
1 0.49908509915830607 -9.085715502418351
1 0.5019508922791226 -9.077058672750027
1 0.5048166853999392 -9.067987659111838
1 0.5076824785207558 -9.058503611117876
1 0.5105482716415723 -9.048607730112378
1 0.5134140647623889 -9.038301268939442
1 0.5162798578832055 -9.027585531704277
1 0.5191456510040221 -9.016461873525465
1 0.5220114441248386 -9.004931700278997
1 0.5248772372456552 -8.992996468333693
1 0.5277430303664717 -8.980657684278606
1 0.5306088234872882 -8.967916904642157
1 0.5334746166081049 -8.954775735603357
1 0.5363404097289214 -8.941235832695233
1 0.5392062028497381 -8.927298900500446
1 0.5420719959705547 -8.912966692339358
1 0.5449377890913712 -8.898241009950628
1 0.5478035822121878 -8.883123703164374
1 0.5506693753330044 -8.86761666956811
1 0.5535351684538211 -8.851721854165572
1 0.5564009615746377 -8.835441249028385
1 0.5592667546954542 -8.818776892940859
1 0.5621325478162709 -8.801730871037863
1 0.5649983409370875 -8.78430531443608
1 0.567864134057904 -8.766502399858398
1 0.5707299271787206 -8.74832434925194
1 0.5735957202995372 -8.729773429399541
1 0.5764615134203538 -8.71085195152491
1 0.5793273065411703 -8.691562270891591
1 0.5821930996619868 -8.671906786395795
1 0.5850588927828034 -8.65188794015336
1 0.58792468590362 -8.63150821708082
1 0.5907904790244365 -8.610770144471024
1 0.5936562721452532 -8.589676291563253
1 0.5965220652660697 -8.568229269108368
1 0.5993878583868862 -8.546431728929063
1 0.6022536515077028 -8.524286363475868
1 0.6051194446285194 -8.501795905379167
1 0.607985237749336 -8.47896312699799
1 0.6108510308701526 -8.45579083996633
1 0.6137168239909692 -8.432281894737882
1 0.6165826171117857 -8.40843918013057
1 0.6194484102326022 -8.384265622872439
1 0.6223142033534188 -8.359764187151038
1 0.6251799964742355 -8.33493787416912
1 0.628045789595052 -8.30978972171041
1 0.6309115827158684 -8.284322803720467
1 0.6337773758366851 -8.258540229909508
1 0.6366431689575017 -8.23244514538672
1 0.6395089620783183 -8.206040730339321
1 0.6423747551991348 -8.179330199775192
1 0.6452405483199514 -8.152316803356372
1 0.6481063414407681 -8.125003825363374
1 0.6509721345615845 -8.097394584850301
1 0.653837927682401 -8.069492436082625
1 0.6567037208032176 -8.041300769401843
1 0.6595695139240342 -8.012823012749774
1 0.6624353070448508 -7.984062634239786
1 0.6653011001656672 -7.955023146443208
1 0.6681668932864837 -7.925708113591664
1 0.6710326864073004 -7.8961211639589335
1 0.6738984795281169 -7.866266011939269
1 0.6767642726489334 -7.836146499473615
1 0.6796300657697499 -7.805766679263697
1 0.6824958588905665 -7.775130997847082
1 0.685361652011383 -7.744244751648278
1 0.6882274451321996 -7.713115444835463
1 0.691093238253016 -7.681758143801578
1 0.6939590313738326 -7.650231679954853
1 0.6968248244946492 -7.6215076215031505
1 0.6968248244946492 -7.6215076215031505
1 0.7025564107362824 -7.7429258444377895
1 0.7082879969779154 -7.871173617143087
1 0.7140195832195485 -7.999663591729486
1 0.7197511694611817 -8.128321954511044
1 0.7254827557028147 -8.257099961774006
1 0.7312143419444479 -8.385953148374904
1 0.7369459281860811 -8.514838351328144
1 0.7426775144277142 -8.643712936139924
1 0.7484091006693473 -8.77253451496899
1 0.7541406869109806 -8.90126081612451
1 0.7598722731526136 -9.02984961197223
1 0.7656038593942468 -9.158258674003056
1 0.7713354456358799 -9.28644574278165
1 0.777067031877513 -9.414368507282724
1 0.7827986181191462 -9.541984590859876
1 0.7885302043607794 -9.669251542308428
1 0.7942617906024124 -9.796126831072842
1 0.7999933768440457 -9.92256784595768
1 0.8057249630856788 -10.048531896874437
1 0.8114565493273119 -10.173976219261954
1 0.817188135568945 -10.298857980885694
1 0.8229197218105782 -10.423134290768134
1 0.8286513080522113 -10.546762210036292
1 0.8343828942938444 -10.669698764498412
1 0.8401144805354775 -10.791900958782158
1 0.8458460667771108 -10.91332579188342
1 0.851577653018744 -11.0339302739884
1 0.857309239260377 -11.153671444444033
1 0.8630408255020102 -11.272506390761098
1 0.8687724117436434 -11.390392268543891
1 0.8745039979852766 -11.507286322247593
1 0.8802355842269096 -11.62314590667133
1 0.8859671704685429 -11.737928509101263
1 0.8916987567101761 -11.851591772022834
1 0.8974303429518092 -11.96409351632694
1 0.9031619291934422 -12.075391764938413
1 0.9088935154350755 -12.185444766799655
1 0.9146251016767085 -12.294211021145868
1 0.9203566879183417 -12.40164930201169
1 0.9260882741599747 -12.507718682911843
1 0.931819860401608 -12.612378561642123
1 0.9375514466432412 -12.715588685148969
1 0.9432830328848744 -12.817309174419153
1 0.9490146191265074 -12.91750054934334
1 0.9547462053681406 -13.016123753509802
1 0.9604777916097738 -13.113140178886896
1 0.9662093778514069 -13.20851169035521
1 0.97194096409304 -13.302200650052704
1 0.9776725503346732 -13.394169941497642
1 0.9834041365763063 -13.484382993457357
1 0.9891357228179394 -13.572803803531585
1 0.9948673090595725 -13.659396961422152
1 1.0005988953012057 -13.744127671862014
1 1.0063304815428389 -13.826961777178745
1 1.012062067784472 -13.907865779469114
1 1.0177936540261052 -13.98680686236305
1 1.0235252402677382 -14.063752912357128
1 1.0292568265093713 -14.138672539698314
1 1.0349884127510045 -14.211535098801075
1 1.0407199989926377 -14.282310708181315
1 1.0464515852342708 -14.350970269892148
1 1.052183171475904 -14.417485488447364
1 1.0579147577175372 -14.481828889219614
1 1.0636463439591701 -14.543973836300454
1 1.0693779302008033 -14.603894549811258
1 1.0751095164424367 -14.661566122653403
1 1.0808411026840696 -14.71696453668778
1 1.086572688925703 -14.77006667833336
1 1.0923042751673362 -14.82085035357569
1 1.0980358614089694 -14.86929430237602
1 1.1037674476506025 -14.915378212472659
1 1.1094990338922357 -14.959082732566076
1 1.1152306201338689 -15.000389484879742
1 1.1209622063755023 -15.039281077089417
1 1.1266937926171352 -15.075741113612937
1 1.1324253788587686 -15.109754206254065
1 1.1381569651004018 -15.141305984193247
1 1.143888551342035 -15.170383103319162
1 1.149620137583668 -15.196973254894674
1 1.1553517238253013 -15.221065173551924
1 1.1610833100669344 -15.242648644610819
1 1.1668148963085678 -15.261714510716043
1 1.1725464825502008 -15.278254677788226
1 1.1782780687918342 -15.292262120284835
1 1.1840096550334673 -15.30373088576749
1 1.1897412412751005 -15.312656098771873
1 1.1954728275167337 -15.319033963978196
1 1.2012044137583668 -15.322861768679124
1 1.206936 -15.324137884544275
2 0.0 -1.539000000000005
2 0.004963699289235673 -1.546586016991003
2 0.009927398578471346 -1.5679372624748147
2 0.014891097867707022 -1.5996369787909812
2 0.019854797156942692 -1.638420802501513
2 0.024818496446178364 -1.6820470389712996
2 0.029782195735414036 -1.7291387476001614
2 0.03474589502464971 -1.7788652164313865
2 0.039709594313885384 -1.830715717253121
2 0.044673293603121056 -1.8843663663078234
2 0.04963699289235673 -1.9396048519836733
2 0.0546006921815924 -1.996287532381872
2 0.05956439147082807 -2.0543143623855546
2 0.06452809076006374 -2.11361379129706
2 0.06949179004929942 -2.1741333832566445
2 0.0744554893385351 -2.2358338195816576
2 0.07941918862777077 -2.2986849586519127
2 0.08438288791700645 -2.3626631827018367
2 0.08934658720624211 -2.427749570504713
2 0.09431028649547779 -2.4939286128049867
2 0.09927398578471346 -2.561187292269966
2 0.10423768507394914 -2.6295144131878256
2 0.1092013843631848 -2.6989001054324646
2 0.1141650836524205 -2.7693354520857367
2 0.11912878294165614 -2.840812206172608
2 0.12409248223089184 -2.9133225725384753
2 0.1290561815201275 -2.9868590379808206
2 0.1340198808093632 -3.061414237568647
2 0.13898358009859882 -3.1369808484154835
2 0.14394727938783453 -3.213551504506703
2 0.14891097867707018 -3.2911187278399776
2 0.15387467796630588 -3.3696748723293255
2 0.1588383772555415 -3.4492120777894186
2 0.16380207654477721 -3.529722231953089
2 0.16876577583401287 -3.6111969389474035
2 0.17372947512324857 -3.6936274930070883
2 0.1786931744124842 -3.7770048564714847
2 0.1836568737017199 -3.8613196413145787
2 0.18862057299095555 -3.946562093613958
2 0.19358427228019126 -4.0327220804852955
2 0.19854797156942688 -4.119789079102779
2 0.2035116708586626 -4.20775216749974
2 0.20847537014789824 -4.296600016901404
2 0.21343906943713395 -4.386320885387778
2 0.21840276872636957 -4.476902612721159
2 0.22336646801560528 -4.568332616201933
2 0.22833016730484096 -4.660597887439819
2 0.2332938665940766 -4.753684989946619
2 0.23825756588331226 -4.847580057471993
2 0.24322126517254797 -4.94226879301605
2 0.24818496446178365 -5.037736468462842
2 0.2531486637510193 -5.133967924787224
2 0.258112363040255 -5.23094757279424
2 0.26307606232949066 -5.328659394355965
2 0.2680397616187263 -5.427086944115317
2 0.2730034609079619 -5.526213351630291
2 0.2779671601971976 -5.626021323935232
2 0.28293085948643326 -5.726493148498383
2 0.28789455877566894 -5.827610696557295
2 0.29285825806490456 -5.929355426815417
2 0.29782195735414024 -6.031708389484825
2 0.3027856566433759 -6.134650230661152
2 0.3077493559326116 -6.238161197017964
2 0.3127130552218472 -6.342221140808548
2 0.3176767545110829 -6.446809525163568
2 0.32264045380031864 -6.551905429673582
2 0.3276041530895543 -6.657487556245326
2 0.33256785237878994 -6.763534235220609
2 0.3375315516680256 -6.870023431746091
2 0.34249525095726135 -6.976932752380932
2 0.34745895024649703 -7.084239451927659
2 0.3524226495357326 -7.191920440468391
2 0.3573863488249683 -7.299952290583838
2 0.362350048114204 -7.408311244724697
2 0.3673137474034397 -7.516973222692448
2 0.3722774466926753 -7.625913829166155
2 0.377241145981911 -7.735108361176185
2 0.3822048452711467 -7.844531815364386
2 0.38716854456038235 -7.95415889475767
2 0.3921322438496179 -8.063964014568347
2 0.3970959431388536 -8.173921306107086
2 0.4020596424280893 -8.284004616986124
2 0.40702334171732496 -8.394187503714013
2 0.4119870410065606 -8.504443207592798
2 0.41695074029579626 -8.61474459029611
2 0.42191443958503194 -8.725063958280902
2 0.42687813887426757 -8.83537251631463
2 0.43184183816350324 -8.945638151974284
2 0.4368055374527389 -9.05580988033734
2 0.4417692367419746 -9.161493310428868
2 0.4417692367419746 -9.161493310428868
2 0.4446350298627912 -9.161280759140894
2 0.44750082298360777 -9.160643131943763
2 0.4503666161044243 -9.159580508833606
2 0.4532324092252409 -9.158093023122772
2 0.45609820234605747 -9.156180861418079
2 0.45896399546687405 -9.15384426359041
2 0.4618297885876906 -9.151083522735544
2 0.46469558170850717 -9.147898985126279
2 0.46756137482932375 -9.144291050155967
2 0.4704271679501404 -9.140260170273287
2 0.4732929610709569 -9.135806850908317
2 0.4761587541917735 -9.130931650390057
2 0.4790245473125901 -9.125635179855129
2 0.4818903404334066 -9.11991810314797
2 0.4847561335542232 -9.113781136712246
2 0.4876219266750398 -9.107225049473753
2 0.49048771979585637 -9.100250662714565
2 0.4933535129166729 -9.0928588499387
2 0.4962193060374895 -9.085050536729042
2 0.49908509915830607 -9.076826700595792
2 0.5019508922791226 -9.068188370816252
2 0.5048166853999392 -9.059136628266119
2 0.5076824785207558 -9.049672605242124
2 0.5105482716415723 -9.03979748527627
2 0.5134140647623889 -9.029512502941422
2 0.5162798578832055 -9.018818943648471
2 0.5191456510040221 -9.007718143435042
2 0.5220114441248386 -8.996211488745558
2 0.5248772372456552 -8.984300416203144
2 0.5277430303664717 -8.971986412372786
2 0.5306088234872882 -8.959271013516355
2 0.5334746166081049 -8.946155805339039
2 0.5363404097289214 -8.93264242272757
2 0.5392062028497381 -8.918732549479932
2 0.5420719959705547 -8.904427918026942
2 0.5449377890913712 -8.88973030914538
2 0.5478035822121878 -8.874641551662899
2 0.5506693753330044 -8.859163522154702
2 0.5535351684538211 -8.843298144632012
2 0.5564009615746377 -8.827047390222255
2 0.5592667546954542 -8.810413276841173
2 0.5621325478162709 -8.79339786885675
2 0.5649983409370875 -8.776003276745005
2 0.567864134057904 -8.758231656737753
2 0.5707299271787206 -8.740085210462247
2 0.5735957202995372 -8.721566184572868
2 0.5764615134203538 -8.702676870374727
2 0.5793273065411703 -8.683419603439347
2 0.5821930996619868 -8.663796763212488
2 0.5850588927828034 -8.643810772613879
2 0.58792468590362 -8.623464097629316
2 0.5907904790244365 -8.602759246894742
2 0.5936562721452532 -8.581698771272578
2 0.5965220652660697 -8.560285263420385
2 0.5993878583868862 -8.538521357351593
2 0.6022536515077028 -8.516409727988766
2 0.6051194446285194 -8.493953090709017
2 0.607985237749336 -8.471154200881944
2 0.6108510308701526 -8.448015853399834
2 0.6137168239909692 -8.424540882200478
2 0.6165826171117857 -8.400732159782383
2 0.6194484102326022 -8.376592596712456
2 0.6223142033534188 -8.352125141126471
2 0.6251799964742355 -8.327332778221884
2 0.628045789595052 -8.302218529743474
2 0.6309115827158684 -8.276785453461642
2 0.6337773758366851 -8.251036642643403
2 0.6366431689575017 -8.22497522551614
2 0.6395089620783183 -8.198604364724265
2 0.6423747551991348 -8.171927256778673
2 0.6452405483199514 -8.144947131499077
2 0.6481063414407681 -8.117667251449394
2 0.6509721345615845 -8.09009091136597
2 0.653837927682401 -8.06222143757902
2 0.6567037208032176 -8.034062187427
2 0.6595695139240342 -8.005616548664232
2 0.6624353070448508 -7.976887938861582
2 0.6653011001656672 -7.947879804800486
2 0.6681668932864837 -7.918595621860197
2 0.6710326864073004 -7.889038893398297
2 0.6738984795281169 -7.859213150124705
2 0.6767642726489334 -7.829121949468995
2 0.6796300657697499 -7.798768874941228
2 0.6824958588905665 -7.7681575354863455
2 0.685361652011383 -7.737291564832046
2 0.6882274451321996 -7.706174620830392
2 0.691093238253016 -7.674810384793042
2 0.6939590313738326 -7.643202560820178
2 0.6968248244946492 -7.611354875123338
2 0.6968248244946492 -7.611354875123338
2 0.7025564107362824 -7.553539288521846
2 0.7082879969779154 -7.488225123660432
2 0.7140195832195485 -7.421987021662737
2 0.7197511694611817 -7.354886711049839
2 0.7254827557028147 -7.286961373838406
2 0.7312143419444479 -7.218244348441854
2 0.7369459281860811 -7.148768026190369
2 0.7426775144277142 -7.078564552808937
2 0.7484091006693473 -7.007666044971809
2 0.7541406869109806 -6.9361046617142454
2 0.7598722731526136 -6.8639126230008705
2 0.7656038593942468 -6.791122206137681
2 0.7713354456358799 -6.717765731812768
2 0.777067031877513 -6.643875544815221
2 0.7827986181191462 -6.569483991792658
2 0.7885302043607794 -6.494623397233277
2 0.7942617906024124 -6.419326038306956
2 0.7999933768440457 -6.343624118924797
2 0.8057249630856788 -6.267549743232601
2 0.8114565493273119 -6.191134888675059
2 0.817188135568945 -6.114411378723078
2 0.8229197218105782 -6.037410855331215
2 0.8286513080522113 -5.960164751177129
2 0.8343828942938444 -5.882704261726507
2 0.8401144805354775 -5.805060317161715
2 0.8458460667771108 -5.7272635542103645
2 0.851577653018744 -5.649344287908765
2 0.857309239260377 -5.571332483335615
2 0.8630408255020102 -5.49325772735204
2 0.8687724117436434 -5.415149200385668
2 0.8745039979852766 -5.337035648298373
2 0.8802355842269096 -5.258945354379378
2 0.8859671704685429 -5.180906111508325
2 0.8916987567101761 -5.102945194535418
2 0.8974303429518092 -5.025089332929196
2 0.9031619291934422 -4.947364683745586
2 0.9088935154350755 -4.869796804975812
2 0.9146251016767085 -4.792410629334397
2 0.9203566879183417 -4.715230438552931
2 0.9260882741599747 -4.638279838249678
2 0.931819860401608 -4.56158173345036
2 0.9375514466432412 -4.485158304840342
2 0.9432830328848744 -4.409030985835167
2 0.9490146191265074 -4.333220440562486
2 0.9547462053681406 -4.257746542856459
2 0.9604777916097738 -4.182628356374103
2 0.9662093778514069 -4.107884115953551
2 0.97194096409304 -4.033531210345804
2 0.9776725503346732 -3.959586166466103
2 0.9834041365763063 -3.8860646353281356
2 0.9891357228179394 -3.812981379845458
2 0.9948673090595725 -3.740350264710451
2 1.0005988953012057 -3.668184248593442
2 1.0063304815428389 -3.5964953789449767
2 1.012062067784472 -3.5252947897354927
2 1.0177936540261052 -3.4545927025310696
2 1.0235252402677382 -3.3843984313869457
2 1.0292568265093713 -3.3147203921466173
2 1.0349884127510045 -3.24556611687207
2 1.0407199989926377 -3.1769422743099804
2 1.0464515852342708 -3.1088546975341695
2 1.052183171475904 -3.041308420216497
2 1.0579147577175372 -2.9743077233947313
2 1.0636463439591701 -2.907856195167769
2 1.0693779302008033 -2.8419568065138434
2 1.0751095164424367 -2.776612007481994
2 1.0808411026840696 -2.7118238494774447
2 1.086572688925703 -2.6475941414378523
2 1.0923042751673362 -2.5839246506698923
2 1.0980358614089694 -2.520817363433362
2 1.1037674476506025 -2.4582748267323926
2 1.1094990338922357 -2.396300602338076
2 1.1152306201338689 -2.334899878692097
2 1.1209622063755023 -2.274080309154775
2 1.1266937926171352 -2.213853181433762
2 1.1324253788587686 -2.1542350824174528
2 1.1381569651004018 -2.0952503221588255
2 1.143888551342035 -2.0369345523460733
2 1.149620137583668 -1.9793403197540593
2 1.1553517238253013 -1.922545856350749
2 1.1610833100669344 -1.8666694771015495
2 1.1668148963085678 -1.8118940696181807
2 1.1725464825502008 -1.7585104778711413
2 1.1782780687918342 -1.7069976009896186
2 1.1840096550334673 -1.6581755852138416
2 1.1897412412751005 -1.613501657350644
2 1.1954728275167337 -1.5755996641617678
2 1.2012044137583668 -1.5488888109761862
2 1.206936 -1.539000000000005
3 0.0 -1.538999999999999
3 0.004963699289235673 -1.5463517772670756
3 0.009927398578471346 -1.5662712712740394
3 0.014891097867707022 -1.5947950500711232
3 0.019854797156942692 -1.6285831332391305
3 0.024818496446178364 -1.6654504885916337
3 0.029782195735414036 -1.704078147896696
3 0.03474589502464971 -1.7436734092323367
3 0.039709594313885384 -1.7837478645260145
3 0.044673293603121056 -1.8239903021262054
3 0.04963699289235673 -1.8641955312883018
3 0.0546006921815924 -1.9042239158929795
3 0.05956439147082807 -1.9439777139739034
3 0.06452809076006374 -1.9833868015156904
3 0.06949179004929942 -2.022399786543839
3 0.0744554893385351 -2.060978314162093
3 0.07941918862777077 -2.0990933170622252
3 0.08438288791700645 -2.13672248552731
3 0.08934658720624211 -2.1738485217351786
3 0.09431028649547779 -2.2104579104983233
3 0.09927398578471346 -2.2465400374691797
3 0.10423768507394914 -2.282086545776278
3 0.1092013843631848 -2.3170908592472297
3 0.1141650836524205 -2.351547823961236
3 0.11912878294165614 -2.385453435137055
3 0.12409248223089184 -2.4188046264277308
3 0.1290561815201275 -2.4515991054454243
3 0.1340198808093632 -2.48383522394389
3 0.13898358009859882 -2.5155118742714864
3 0.14394727938783453 -2.546628405943529
3 0.14891097867707018 -2.5771845577715276
3 0.15387467796630588 -2.607180402130087
3 0.1588383772555415 -2.6366162987738755
3 0.16380207654477721 -2.6654928562287292
3 0.16876577583401287 -2.6938108992350194
3 0.17372947512324857 -2.721571441061742
3 0.1786931744124842 -2.7487756597672863
3 0.1836568737017199 -2.775424877678866
3 0.18862057299095555 -2.80152054351348
3 0.19358427228019126 -2.8270642166798954
3 0.19854797156942688 -2.8520575533920582
3 0.2035116708586626 -2.8765022942957317
3 0.20847537014789824 -2.9004002533663265
3 0.21343906943713395 -2.923753307880981
3 0.21840276872636957 -2.9465633893030745
3 0.22336646801560528 -2.968832474946733
3 0.22833016730484096 -2.990562580311408
3 0.2332938665940766 -3.0117557519958504
3 0.23825756588331226 -3.0324140611157393
3 0.24322126517254797 -3.0525395971620406
3 0.24818496446178365 -3.0721344622471896
3 0.2531486637510193 -3.091200765694883
3 0.258112363040255 -3.10974061893618
3 0.26307606232949066 -3.1277561306804524
3 0.2680397616187263 -3.1452494023346547
3 0.2730034609079619 -3.162222523648433
3 0.2779671601971976 -3.1786775685659463
3 0.28293085948643326 -3.194616591268294
3 0.28789455877566894 -3.21004162239274
3 0.29285825806490456 -3.2249546654170196
3 0.29782195735414024 -3.239357693198816
3 0.3027856566433759 -3.2532526446619014
3 0.3077493559326116 -3.2666414216217223
3 0.3127130552218472 -3.279525885744317
3 0.3176767545110829 -3.2919078556332866
3 0.32264045380031864 -3.3037891040405074
3 0.3276041530895543 -3.315171355196669
3 0.33256785237878994 -3.326056282258583
3 0.3375315516680256 -3.3364455048705155
3 0.34249525095726135 -3.3463405868373366
3 0.34745895024649703 -3.3557430339074465
3 0.3524226495357326 -3.3646542916641464
3 0.3573863488249683 -3.3730757435238616
3 0.362350048114204 -3.381008708840323
3 0.3673137474034397 -3.388454441113708
3 0.3722774466926753 -3.395414126304074
3 0.377241145981911 -3.4018888812484285
3 0.3822048452711467 -3.4078797521810507
3 0.38716854456038235 -3.4133877133565984
3 0.3921322438496179 -3.418413665775778
3 0.3970959431388536 -3.4229584360133734
3 0.4020596424280893 -3.4270227751483824
3 0.40702334171732496 -3.430607357796216
3 0.4119870410065606 -3.4337127812428787
3 0.41695074029579626 -3.436339564681033
3 0.42191443958503194 -3.4384881485479495
3 0.42687813887426757 -3.4401588939653256
3 0.43184183816350324 -3.4413520822809063
3 0.4368055374527389 -3.4420679147120246
3 0.4417692367419746 -3.442306512090929
3 0.4417692367419746 -3.442306512090929
3 0.4446350298627912 -3.4433183415268003
3 0.44750082298360777 -3.446350890562895
3 0.4503666161044243 -3.4513953865665123
3 0.4532324092252409 -3.458437357472787
3 0.45609820234605747 -3.4674568497147984
3 0.45896399546687405 -3.4784287225785806
3 0.4618297885876906 -3.4913230090420893
3 0.46469558170850717 -3.506105331382299
3 0.46756137482932375 -3.52273735871685
3 0.4704271679501404 -3.54117729320116
3 0.4732929610709569 -3.5613803717907557
3 0.4761587541917735 -3.5832993712219023
3 0.4790245473125901 -3.6068851050523674
3 0.4818903404334066 -3.632086903113427
3 0.4847561335542232 -3.65885306542636
3 0.4876219266750398 -3.6871312844124113
3 0.49048771979585637 -3.7168690309713917
3 0.4933535129166729 -3.7480139016393976
3 0.4962193060374895 -3.780513925501121
3 0.49908509915830607 -3.81431783079068
3 0.5019508922791226 -3.849375272149929
3 0.5048166853999392 -3.885637020324178
3 0.5076824785207558 -3.923055116674261
3 0.5105482716415723 -3.961582995291043
3 0.5134140647623889 -4.001175575739293
3 0.5162798578832055 -4.041789329559876
3 0.5191456510040221 -4.083382323649677
3 0.5220114441248386 -4.125914243543635
3 0.5248772372456552 -4.169346399465817
3 0.5277430303664717 -4.213641717816294
3 0.5306088234872882 -4.258764720535037
3 0.5334746166081049 -4.304681494545627
3 0.5363404097289214 -4.351359653241511
3 0.5392062028497381 -4.39876829174319
3 0.5420719959705547 -4.446877937431546
3 0.5449377890913712 -4.49566049705448
3 0.5478035822121878 -4.545089201513113
3 0.5506693753330044 -4.595138549260902
3 0.5535351684538211 -4.645784249094824
3 0.5564009615746377 -4.697003162980953
3 0.5592667546954542 -4.748773249437355
3 0.5621325478162709 -4.801073507893302
3 0.5649983409370875 -4.853883924354591
3 0.567864134057904 -4.907185418628305
3 0.5707299271787206 -4.960959793295951
3 0.5735957202995372 -5.015189684569479
3 0.5764615134203538 -5.069858515119553
3 0.5793273065411703 -5.124950448928106
3 0.5821930996619868 -5.180450348186541
3 0.5850588927828034 -5.236343732236428
3 0.58792468590362 -5.292616738529581
3 0.5907904790244365 -5.349256085569067
3 0.5936562721452532 -5.406249037780453
3 0.5965220652660697 -5.463583372253906
3 0.5993878583868862 -5.521247347290844
3 0.6022536515077028 -5.579229672684389
3 0.6051194446285194 -5.6375194816601235
3 0.607985237749336 -5.696106304401845
3 0.6108510308701526 -5.754980043086604
3 0.6137168239909692 -5.814130948353587
3 0.6165826171117857 -5.873549597132302
3 0.6194484102326022 -5.933226871756929
3 0.6223142033534188 -5.993153940295201
3 0.6251799964742355 -6.053322238021997
3 0.628045789595052 -6.113723449969458
3 0.6309115827158684 -6.174349494486922
3 0.6337773758366851 -6.235192507744746
3 0.6366431689575017 -6.296244829116734
3 0.6395089620783183 -6.357498987374369
3 0.6423747551991348 -6.418947687623699
3 0.6452405483199514 -6.480583798909918
3 0.6481063414407681 -6.542400342404428
3 0.6509721345615845 -6.604390480071987
3 0.653837927682401 -6.666547503685956
3 0.6567037208032176 -6.728864824009651
3 0.6595695139240342 -6.79133595987568
3 0.6624353070448508 -6.853954526742356
3 0.6653011001656672 -6.91671422402779
3 0.6681668932864837 -6.979608819991505
3 0.6710326864073004 -7.042632131872146
3 0.6738984795281169 -7.1057779967386345
3 0.6767642726489334 -7.1690402233788735
3 0.6796300657697499 -7.232412502763354
3 0.6824958588905665 -7.295888218989049
3 0.685361652011383 -7.3594599875685685
3 0.6882274451321996 -7.4231182922161585
3 0.691093238253016 -7.486846125294228
3 0.6939590313738326 -7.5505827802186785
3 0.6968248244946492 -7.6113548751233315
3 0.6968248244946492 -7.6113548751233315
3 0.7025564107362824 -7.546954929853871
3 0.7082879969779154 -7.481640774782217
3 0.7140195832195485 -7.415442945120464
3 0.7197511694611817 -7.348392262764085
3 0.7254827557028147 -7.280519813189044
3 0.7312143419444479 -7.211856921985408
3 0.7369459281860811 -7.142435131035382
3 0.7426775144277142 -7.072286174344557
3 0.7484091006693473 -7.001441953534928
3 0.7541406869109806 -6.929934513009072
3 0.7598722731526136 -6.857796014794939
3 0.7656038593942468 -6.7850587130813516
3 0.7713354456358799 -6.711754928454548
3 0.777067031877513 -6.637917021847079
3 0.7827986181191462 -6.563577368210181
3 0.7885302043607794 -6.488768329922241
3 0.7942617906024124 -6.413522229946037
3 0.7999933768440457 -6.337871324748448
3 0.8057249630856788 -6.261847776997131
3 0.8114565493273119 -6.185483628049611
3 0.817188135568945 -6.108810770251126
3 0.8229197218105782 -6.031860919058806
3 0.8286513080522113 -5.954665585010874
3 0.8343828942938444 -5.877256045560866
3 0.8401144805354775 -5.799663316798522
3 0.8458460667771108 -5.72191812508016
3 0.851577653018744 -5.6440508785935215
3 0.857309239260377 -5.566091638883565
3 0.8630408255020102 -5.488070092368012
3 0.8687724117436434 -5.41001552187357
3 0.8745039979852766 -5.33195677822598
3 0.8802355842269096 -5.253922251930113
3 0.8859671704685429 -5.175939844978698
3 0.8916987567101761 -5.098036942831849
3 0.8974303429518092 -5.02024038661258
3 0.9031619291934422 -4.9425764455674805
3 0.9088935154350755 -4.865070789845704
3 0.9146251016767085 -4.787748463653707
3 0.9203566879183417 -4.710633858848325
3 0.9260882741599747 -4.633750689035976
3 0.931819860401608 -4.5571219642515945
3 0.9375514466432412 -4.480769966297838
3 0.9432830328848744 -4.404716224832024
3 0.9490146191265074 -4.3289814942968015
3 0.9547462053681406 -4.253585731799743
3 0.9604777916097738 -4.178548076057547
3 0.9662093778514069 -4.103886827533068
3 0.97194096409304 -4.029619429906949
3 0.9776725503346732 -3.955762453042583
3 0.9834041365763063 -3.8823315776222116
3 0.9891357228179394 -3.809341581655602
3 0.9948673090595725 -3.736806329090084
3 1.0005988953012057 -3.6647387607852764
3 1.0063304815428389 -3.593150888157308
3 1.012062067784472 -3.5220537898493385
3 1.0177936540261052 -3.4514576118500693
3 1.0235252402677382 -3.381371571564415
3 1.0292568265093713 -3.3118039664453844
3 1.0349884127510045 -3.2427621879318664
3 1.0407199989926377 -3.1742527416131514
3 1.0464515852342708 -3.106281274772452
3 1.052183171475904 -3.0388526127686273
3 1.0579147577175372 -2.971970806125387
3 1.0636463439591701 -2.905639190752495
3 1.0693779302008033 -2.839860464480763
3 1.0751095164424367 -2.7746367841390556
3 1.0808411026840696 -2.7099698888625428
3 1.086572688925703 -2.645861257388656
3 1.0923042751673362 -2.5823123100593186
3 1.0980358614089694 -2.5193246705557315
3 1.1037674476506025 -2.456900508753369
3 1.1094990338922357 -2.3950429956382253
3 1.1152306201338689 -2.3337569158379
3 1.1209622063755023 -2.2730495061208718
3 1.1266937926171352 -2.2129316245733124
3 1.1324253788587686 -2.1534194145296146
3 1.1381569651004018 -2.0945367268281667
3 1.143888551342035 -2.036318735519133
3 1.149620137583668 -1.9788174872619049
3 1.1553517238253013 -1.922110685767465
3 1.1610833100669344 -1.8663160819284297
3 1.1668148963085678 -1.8116159532901293
3 1.1725464825502008 -1.758300474523726
3 1.1782780687918342 -1.7068477995107691
3 1.1840096550334673 -1.6580772337418277
3 1.1897412412751005 -1.6134450505829279
3 1.1954728275167337 -1.575574037487497
3 1.2012044137583668 -1.5488823287068894
3 1.206936 -1.538999999999999
4 0.0 -1.2285000000000013
4 0.004963699289235673 -1.2213326760589338
4 0.009927398578471346 -1.2019628471290968
4 0.014891097867707022 -1.1743486507568832
4 0.019854797156942692 -1.1418250722369134
4 0.024818496446178364 -1.1065725560106185
4 0.029782195735414036 -1.0699060262312554
4 0.03474589502464971 -1.0326148573059608
4 0.039709594313885384 -0.9951850670899659
4 0.044673293603121056 -0.9579266977725015
4 0.04963699289235673 -0.9210453572078995
4 0.0546006921815924 -0.8846831589688763
4 0.05956439147082807 -0.8489429971585096
4 0.06452809076006374 -0.8139036173120517
4 0.06949179004929942 -0.7796295218357504
4 0.0744554893385351 -0.7461779494126183
4 0.07941918862777077 -0.7136041858641105
4 0.08438288791700645 -0.6819658625717366
4 0.08934658720624211 -0.6513264156489632
4 0.09431028649547779 -0.6217573190844881
4 0.09927398578471346 -0.5933379137505145
4 0.10423768507394914 -0.5661506301421888
4 0.1092013843631848 -0.5402686510700987
4 0.1141650836524205 -0.5157340772414556
4 0.11912878294165614 -0.4925295062664796
4 0.12409248223089184 -0.47055407820494055
4 0.1290561815201275 -0.44961938062291895
4 0.1340198808093632 -0.4294724109886154
4 0.13898358009859882 -0.4098361071711735
4 0.14394727938783453 -0.39044904931916746
4 0.14891097867707018 -0.37109173824936026
4 0.15387467796630588 -0.35159792210098234
4 0.1588383772555415 -0.3318558041993236
4 0.16380207654477721 -0.31180452029611055
4 0.16876577583401287 -0.2914293108629572
4 0.17372947512324857 -0.2707567864279708
4 0.1786931744124842 -0.2498503367717994
4 0.1836568737017199 -0.22880502077591097
4 0.18862057299095555 -0.2077410477592959
4 0.19358427228019126 -0.18679518857586536
4 0.19854797156942688 -0.16611013634917143
4 0.2035116708586626 -0.1458228206678879
4 0.20847537014789824 -0.1260535424327472
4 0.21343906943713395 -0.1068979982606868
4 0.21840276872636957 -0.08842355525111273
4 0.22336646801560528 -0.07066985060890622
4 0.22833016730484096 -0.053652624690358815
4 0.2332938665940766 -0.0373691762073697
4 0.23825756588331226 -0.02180399033538988
4 0.24322126517254797 -0.006933617189914871
4 0.24818496446178365 0.0072695766951024554
4 0.2531486637510193 0.02083478254117184
4 0.258112363040255 0.03379106001050306
4 0.26307606232949066 0.046166344355561585
4 0.2680397616187263 0.05798693138863683
4 0.2730034609079619 0.06927726918981618
4 0.2779671601971976 0.08005993439913896
4 0.28293085948643326 0.09035571128091542
4 0.28789455877566894 0.10018372149226241
4 0.29285825806490456 0.10956157295421814
4 0.29782195735414024 0.11850550963906525
4 0.3027856566433759 0.1270305525490618
4 0.3077493559326116 0.1351506273146933
4 0.3127130552218472 0.14287867686078062
4 0.3176767545110829 0.15022675927372295
4 0.32264045380031864 0.1572061318739324
4 0.3276041530895543 0.16382732288501237
4 0.33256785237878994 0.17010019220257794
4 0.3375315516680256 0.17603398272625048
4 0.34249525095726135 0.1816373636040025
4 0.34745895024649703 0.186918466592693
4 0.3524226495357326 0.19188491658664264
4 0.3573863488249683 0.19654385722081139
4 0.362350048114204 0.20090197232279933
4 0.3673137474034397 0.2049655038707927
4 0.3722774466926753 0.20874026701276557
4 0.377241145981911 0.21223166261514828
4 0.3822048452711467 0.21544468773474304
4 0.38716854456038235 0.21838394434496067
4 0.3921322438496179 0.22105364659421292
4 0.3970959431388536 0.22345762682960219
4 0.4020596424280893 0.22559934058121642
4 0.40702334171732496 0.22748187067033104
4 0.4119870410065606 0.22910793057775303
4 0.41695074029579626 0.23047986718541752
4 0.42191443958503194 0.23159966298449006
4 0.42687813887426757 0.23246893782612554
4 0.43184183816350324 0.23308895027604282
4 0.4368055374527389 0.2334605986207694
4 0.4417692367419746 0.23358442156152703
4 0.4417692367419746 0.23358442156152703
4 0.4446350298627912 0.23447670920352193
4 0.44750082298360777 0.23715064794614815
4 0.4503666161044243 0.24159751040842095
4 0.4532324092252409 0.24780289990260607
4 0.45609820234605747 0.2557469683006819
4 0.45896399546687405 0.2654047102997872
4 0.4618297885876906 0.2767463241457743
4 0.46469558170850717 0.2897376270983672
4 0.46756137482932375 0.3043405128039392
4 0.4704271679501404 0.3205134372962055
4 0.4732929610709569 0.3382119205336953
4 0.4761587541917735 0.35738905112604785
4 0.4790245473125901 0.3779959830896828
4 0.4818903404334066 0.3999824149823888
4 0.4847561335542232 0.4232970434680828
4 0.4876219266750398 0.4478879851382877
4 0.49048771979585637 0.47370316216271713
4 0.4933535129166729 0.5006906489757693
4 0.4962193060374895 0.5287989786702622
4 0.49908509915830607 0.5579774090271218
4 0.5019508922791226 0.5881761491438413
4 0.5048166853999392 0.6193465484341811
4 0.5076824785207558 0.6514412503691415
4 0.5105482716415723 0.6844143137345924
4 0.5134140647623889 0.7182213044196352
4 0.5162798578832055 0.7528193608492137
4 0.5191456510040221 0.7881672361618672
4 0.5220114441248386 0.8242253201347585
4 0.5248772372456552 0.8609556436959507
4 0.5277430303664717 0.898321868658384
4 0.5306088234872882 0.9362892650772987
4 0.5334746166081049 0.97482467838628
4 0.5363404097289214 1.0138964882163652
4 0.5392062028497381 1.0534745605552562
4 0.5420719959705547 1.0935301946641667
4 0.5449377890913712 1.1340360659410236
4 0.5478035822121878 1.1749661657015453
4 0.5506693753330044 1.2162957386432265
4 0.5535351684538211 1.258001218559502
4 0.5564009615746377 1.3000601626785213
4 0.5592667546954542 1.3424511848077234
4 0.5621325478162709 1.3851538872644116
4 0.5649983409370875 1.4281487913539437
4 0.567864134057904 1.4714172659071838
4 0.5707299271787206 1.5149414530886962
4 0.5735957202995372 1.558704190309939
4 0.5764615134203538 1.6026889265889004
4 0.5793273065411703 1.6468796310323355
4 0.5821930996619868 1.6912606901941387
4 0.5850588927828034 1.7358167897535317
4 0.58792468590362 1.7805327740586538
4 0.5907904790244365 1.8253934742752966
4 0.5936562721452532 1.8703834916526951
4 0.5965220652660697 1.9154869159190062
4 0.5993878583868862 1.9606869486182334
4 0.6022536515077028 2.0059653848293624
4 0.6051194446285194 2.051301879801594
4 0.607985237749336 2.0966728816668097
4 0.6108510308701526 2.1420500327481204
4 0.6137168239909692 2.1873977016552546
4 0.6165826171117857 2.2326690503365403
4 0.6194484102326022 2.2777995517851704
4 0.6223142033534188 2.322695926496011
4 0.6251799964742355 2.3672166088107796
4 0.628045789595052 2.411136321816712
4 0.6309115827158684 2.4540816013829216
4 0.6337773758366851 2.4954208167484073
4 0.6366431689575017 2.5341246840703335
4 0.6395089620783183 2.5687842870603337
4 0.6423747551991348 2.598213050489201
4 0.6452405483199514 2.622392363561146
4 0.6481063414407681 2.64239045246655
4 0.6509721345615845 2.659422131809937
4 0.653837927682401 2.674351859268814
4 0.6567037208032176 2.6877020113539296
4 0.6595695139240342 2.699775628781072
4 0.6624353070448508 2.7107493363467547
4 0.6653011001656672 2.7207277497037796
4 0.6681668932864837 2.7297736334032496
4 0.6710326864073004 2.737924718510867
4 0.6738984795281169 2.745203333810784
4 0.6767642726489334 2.7516221050179257
4 0.6796300657697499 2.757187441400116
4 0.6824958588905665 2.761901737498566
4 0.685361652011383 2.7657648049566506
4 0.6882274451321996 2.768774829162075
4 0.691093238253016 2.7709290244188622
4 0.6939590313738326 2.772224092958363
4 0.6968248244946492 2.772656553312986
4 0.6968248244946492 2.772656553312986
4 0.7025564107362824 2.770920180387383
4 0.7082879969779154 2.765696077471185
4 0.7140195832195485 2.7569677605049696
4 0.7197511694611817 2.7447284520414663
4 0.7254827557028147 2.7289825513321633
4 0.7312143419444479 2.709746560960563
4 0.7369459281860811 2.6870496433688604
4 0.7426775144277142 2.660933888963199
4 0.7484091006693473 2.631454328934897
4 0.7541406869109806 2.598678703208264
4 0.7598722731526136 2.5626869894996016
4 0.7656038593942468 2.523570709033699
4 0.7713354456358799 2.4814320434689154
4 0.777067031877513 2.436382819818897
4 0.7827986181191462 2.388543438130559
4 0.7885302043607794 2.338041823465942
4 0.7942617906024124 2.2850124754367176
4 0.7999933768440457 2.229595665949658
4 0.8057249630856788 2.1719368043261342
4 0.8114565493273119 2.112185956552044
4 0.817188135568945 2.0504974797655153
4 0.8229197218105782 1.9870297190456043
4 0.8286513080522113 1.9219447120857127
4 0.8343828942938444 1.8554078560122425
4 0.8401144805354775 1.7875875051915688
4 0.8458460667771108 1.7186544849437626
4 0.851577653018744 1.6487815202756584
4 0.857309239260377 1.5781425892033702
4 0.8630408255020102 1.506912216502278
4 0.8687724117436434 1.4352647263085472
4 0.8745039979852766 1.363373471871661
4 0.8802355842269096 1.2914100589634796
4 0.8859671704685429 1.2195435768645648
4 0.8916987567101761 1.1479398480993646
4 0.8974303429518092 1.076760705556132
4 0.9031619291934422 1.0061633034861928
4 0.9088935154350755 0.9362994671769985
4 0.9146251016767085 0.8673150848030163
4 0.9203566879183417 0.7993495440093589
4 0.9260882741599747 0.7325352150972247
4 0.931819860401608 0.6669969821836682
4 0.9375514466432412 0.6028518233394087
4 0.9432830328848744 0.5402084404181482
4 0.9490146191265074 0.47916693904290864
4 0.9547462053681406 0.4198185589815372
4 0.9604777916097738 0.36224545490592375
4 0.9662093778514069 0.306520527271246
4 0.97194096409304 0.2527073027595641
4 0.9776725503346732 0.20085986339138848
4 0.9834041365763063 0.15102282300063186
4 0.9891357228179394 0.10323134926560652
4 0.9948673090595725 0.05751122885002091
4 1.0005988953012057 0.013878972368207232
4 1.0063304815428389 -0.02765804525672805
4 1.012062067784472 -0.06710141509586907
4 1.0177936540261052 -0.10446150361910425
4 1.0235252402677382 -0.13975725328150213
4 1.0292568265093713 -0.17301599212238905
4 1.0349884127510045 -0.20427327961854713
4 1.0407199989926377 -0.23357283199155704
4 1.0464515852342708 -0.26096659826543284
4 1.052183171475904 -0.28651510988355366
4 1.0579147577175372 -0.3102883254867229
4 1.0636463439591701 -0.33236739181555963
4 1.0693779302008033 -0.35284816822092663
4 1.0751095164424367 -0.3718483388210025
4 1.0808411026840696 -0.389522356278481
4 1.086572688925703 -0.40609503198102137
4 1.0923042751673362 -0.42194431421047096
4 1.0980358614089694 -0.4378283199637489
4 1.1037674476506025 -0.45554982066888783
4 1.1094990338922357 -0.4793941764666963
4 1.1152306201338689 -0.5145622127586352
4 1.1209622063755023 -0.5591918171182083
4 1.1266937926171352 -0.6082055176604587
4 1.1324253788587686 -0.6589962696496415
4 1.1381569651004018 -0.7105317570665709
4 1.143888551342035 -0.7623552597740356
4 1.149620137583668 -0.8142166462283394
4 1.1553517238253013 -0.8659353601167085
4 1.1610833100669344 -0.9173359185576478
4 1.1668148963085678 -0.9682016174454393
4 1.1725464825502008 -1.0182207423157983
4 1.1782780687918342 -1.0669011142927283
4 1.1840096550334673 -1.1134139687561737
4 1.1897412412751005 -1.1562964413145798
4 1.1954728275167337 -1.1929210315231622
4 1.2012044137583668 -1.2188662645977908
4 1.206936 -1.2285000000000013
5 0.0 -1.2284999999999984
5 0.004963699289235673 -1.2211002487722054
5 0.009927398578471346 -1.200311639187913
5 0.014891097867707022 -1.169556667926892
5 0.019854797156942692 -1.1321054804873811
5 0.024818496446178364 -1.0902055607798187
5 0.029782195735414036 -1.045239617995984
5 0.03474589502464971 -0.998044091773391
5 0.039709594313885384 -0.9491353854393385
5 0.044673293603121056 -0.8988430052228661
5 0.04963699289235673 -0.8473848515007794
5 0.0546006921815924 -0.794910177309258
5 0.05956439147082807 -0.7415248018613569
5 0.06452809076006374 -0.6873065783495975
5 0.06949179004929942 -0.6323158656117169
5 0.0744554893385351 -0.5766057448912301
5 0.07941918862777077 -0.5202528697436029
5 0.08438288791700645 -0.4644760882300448
5 0.08934658720624211 -0.44974111765177927
5 0.09431028649547779 -0.44048124875027667
5 0.09927398578471346 -0.4301275851544735
5 0.10423768507394914 -0.41848544402769916
5 0.1092013843631848 -0.40542157323404227
5 0.1141650836524205 -0.3908412487718155
5 0.11912878294165614 -0.37471136372997405
5 0.12409248223089184 -0.35708350699375124
5 0.1290561815201275 -0.3380980984111337
5 0.1340198808093632 -0.31796170988819017
5 0.13898358009859882 -0.2969068867145042
5 0.14394727938783453 -0.2751528107538326
5 0.14891097867707018 -0.2528793806152568
5 0.15387467796630588 -0.23021622919485854
5 0.1588383772555415 -0.2072418421553704
5 0.16380207654477721 -0.18398738736877088
5 0.16876577583401287 -0.16044182849609112
5 0.17372947512324857 -0.13655692381980072
5 0.1786931744124842 -0.11225205871672593
5 0.1836568737017199 -0.08741957422688454
5 0.18862057299095555 -0.06193148016257653
5 0.19358427228019126 -0.035648213803494117
5 0.19854797156942688 -0.008429423668690752
5 0.2035116708586626 0.019854226027875295
5 0.20847537014789824 0.04931009792351455
5 0.21343906943713395 0.08001554036834821
5 0.21840276872636957 0.11201412371890235
5 0.22336646801560528 0.1453162287659657
5 0.22833016730484096 0.17990289595992745
5 0.2332938665940766 0.21573132415065582
5 0.23825756588331226 0.25274056944992473
5 0.24322126517254797 0.29085652142247453
5 0.24818496446178365 0.32999577885772696
5 0.2531486637510193 0.370068425963469
5 0.258112363040255 0.4109798974962051
5 0.26307606232949066 0.4526321721280526
5 0.2680397616187263 0.49492451182935904
5 0.2730034609079619 0.5377539173685005
5 0.2779671601971976 0.5810154209918825
5 0.28293085948643326 0.6246022968986321
5 0.28789455877566894 0.6684062402789814
5 0.29285825806490456 0.7123175451237619
5 0.29782195735414024 0.7562252975081873
5 0.3027856566433759 0.8000175925090539
5 0.3077493559326116 0.8435817776870278
5 0.3127130552218472 0.8868047229781879
5 0.3176767545110829 0.9295731150949598
5 0.32264045380031864 0.9717737736154362
5 0.3276041530895543 1.0132939855104628
5 0.33256785237878994 1.054021854713781
5 0.3375315516680256 1.0938466633560995
5 0.34249525095726135 1.1326592413836338
5 0.34745895024649703 1.1703523414220627
5 0.3524226495357326 1.2068210159030572
5 0.3573863488249683 1.2419629936293397
5 0.362350048114204 1.2756790531097808
5 0.3673137474034397 1.3078733901453026
5 0.3722774466926753 1.3384539772894894
5 0.377241145981911 1.3673329129453167
5 0.3822048452711467 1.3944267579925649
5 0.38716854456038235 1.4196568579706954
5 0.3921322438496179 1.4429496489704279
5 0.3970959431388536 1.4642369455150952
5 0.4020596424280893 1.4834562088410228
5 0.40702334171732496 1.5005507941153438
5 0.4119870410065606 1.5154701752603341
5 0.41695074029579626 1.528170146185927
5 0.42191443958503194 1.538612997366622
5 0.42687813887426757 1.546767666835726
5 0.43184183816350324 1.55260986480851
5 0.4368055374527389 1.556122171286472
5 0.4417692367419746 1.5572941061370278
5 0.4417692367419746 1.5572941061370278
5 0.4446350298627912 1.557663448491243
5 0.44750082298360777 1.558771044212644
5 0.4503666161044243 1.5606155997638629
5 0.4532324092252409 1.5631949608699691
5 0.45609820234605747 1.5665061149477069
5 0.45896399546687405 1.5705451945028335
5 0.4618297885876906 1.5753074814920063
5 0.46469558170850717 1.5807874126446657
5 0.46756137482932375 1.5869785857393957
5 0.4704271679501404 1.5938737668283234
5 0.4732929610709569 1.6014648984022064
5 0.4761587541917735 1.6097431084880223
5 0.4790245473125901 1.618698720670053
5 0.4818903404334066 1.62832126502475
5 0.4847561335542232 1.6385994899589686
5 0.4876219266750398 1.6495213749406052
5 0.49048771979585637 1.6610741441101842
5 0.4933535129166729 1.6732442807615668
5 0.4962193060374895 1.6860175426797515
5 0.49908509915830607 1.6993789783236395
5 0.5019508922791226 1.7133129438417867
5 0.5048166853999392 1.7278031209094877
5 0.5076824785207558 1.7428325353761598
5 0.5105482716415723 1.7583835767129126
5 0.5134140647623889 1.7744380182515065
5 0.5162798578832055 1.7909770382076449
5 0.5191456510040221 1.8079812414839
5 0.5220114441248386 1.8254306822505504
5 0.5248772372456552 1.8433048873064715
5 0.5277430303664717 1.8615828802271037
5 0.5306088234872882 1.880243206312703
5 0.5334746166081049 1.899263958357915
5 0.5363404097289214 1.9186228032735697
5 0.5392062028497381 1.938297009604117
5 0.5420719959705547 1.9582634759999635
5 0.5449377890913712 1.978498760724201
5 0.5478035822121878 1.9989791122990206
5 0.5506693753330044 2.0196805014303583
5 0.5535351684538211 2.0405786543922413
5 0.5564009615746377 2.0616490881082825
5 0.5592667546954542 2.08286714724103
5 0.5621325478162709 2.1042080436968007
5 0.5649983409370875 2.1256468990826347
5 0.567864134057904 2.147158790825502
5 0.5707299271787206 2.1687188028993103
5 0.5735957202995372 2.190302082428052
5 0.5764615134203538 2.211883903881003
5 0.5793273065411703 2.2334397432037516
5 0.5821930996619868 2.254945365120973
5 0.5850588927828034 2.276376928131971
5 0.58792468590362 2.2977111135986372
5 0.5907904790244365 2.3189252881157594
5 0.5936562721452532 2.3399977125698235
5 0.5965220652660697 2.36090781778287
5 0.5993878583868862 2.3816365768326935
5 0.6022536515077028 2.402167020507404
5 0.6051194446285194 2.4224849692569492
5 0.607985237749336 2.4425801003758196
5 0.6108510308701526 2.4624475477936505
5 0.6137168239909692 2.4820903721795013
5 0.6165826171117857 2.501523497088501
5 0.6194484102326022 2.5207801953537947
5 0.6223142033534188 2.5399231575311325
5 0.6251799964742355 2.559064031164829
5 0.628045789595052 2.5783988521199657
5 0.6309115827158684 2.5982725273100047
5 0.6337773758366851 2.619288821322632
5 0.6366431689575017 2.642449850455382
5 0.6395089620783183 2.6691380699563774
5 0.6423747551991348 2.700514308615545
5 0.6452405483199514 2.736572153632394
5 0.6481063414407681 2.776219086378965
5 0.6509721345615845 2.8182167392865973
5 0.653837927682401 2.861677849420145
5 0.6567037208032176 2.9060579907752633
5 0.6595695139240342 2.9510328366697216
5 0.6624353070448508 2.9964052471698768
5 0.6653011001656672 3.0420508688995564
5 0.6681668932864837 3.08788798243259
5 0.6710326864073004 3.133860688173827
5 0.6738984795281169 3.1799292751693873
5 0.6767642726489334 3.226064515142929
5 0.6796300657697499 3.272244154737983
5 0.6824958588905665 3.3184506585499585
5 0.685361652011383 3.3646696290216425
5 0.6882274451321996 3.4108883938298473
5 0.691093238253016 3.4570935249108103
5 0.6939590313738326 3.503257851403133
5 0.6968248244946492 3.5478548751233263
5 0.6968248244946492 3.5478548751233263
5 0.7025564107362824 3.501181035344501
5 0.7082879969779154 3.453822391745787
5 0.7140195832195485 3.40579953659623
5 0.7197511694611817 3.357133227319623
5 0.7254827557028147 3.3078443689648647
5 0.7312143419444479 3.2579539963770285
5 0.7369459281860811 3.207483256073985
5 0.7426775144277142 3.1564533878340844
5 0.7484091006693473 3.104885706000414
5 0.7541406869109806 3.052801580507701
5 0.7598722731526136 3.000222417638206
5 0.7656038593942468 2.9471696405131693
5 0.7713354456358799 2.8936646693272157
5 0.777067031877513 2.8397289013332756
5 0.7827986181191462 2.785383690586209
5 0.7885302043607794 2.7306503274541583
5 0.7942617906024124 2.675550017906894
5 0.7999933768440457 2.620103862591676
5 0.8057249630856788 2.5643328357074937
5 0.8114565493273119 2.50825776368979
5 0.817188135568945 2.4518993037186503
5 0.8229197218105782 2.3952779220644786
5 0.8286513080522113 2.338413872286535
5 0.8343828942938444 2.281327173300697
5 0.8401144805354775 2.224037587334845
5 0.8458460667771108 2.1665645977911163
5 0.851577653018744 2.108927387036552
5 0.857309239260377 2.051144814145291
5 0.8630408255020102 1.9932353926174893
5 0.8687724117436434 1.9352172681026159
5 0.8745039979852766 1.877108196156752
5 0.8802355842269096 1.8189255200667462
5 0.8859671704685429 1.7606861487763905
5 0.8916987567101761 1.7024065349533763
5 0.8974303429518092 1.6441026532389205
5 0.9031619291934422 1.5857899787258105
5 0.9088935154350755 1.5274834657146372
5 0.9146251016767085 1.4691975268025517
5 0.9203566879183417 1.4109460123636195
5 0.9260882741599747 1.3527421904853976
5 0.931819860401608 1.2945987274321435
5 0.9375514466432412 1.2365276687119293
5 0.9432830328848744 1.1785404208319603
5 0.9490146191265074 1.1206477338349818
5 0.9547462053681406 1.0628596847188638
5 0.9604777916097738 1.0051856618519537
5 0.9662093778514069 0.9476343505094027
5 0.97194096409304 0.8902137196692612
5 0.9776725503346732 0.8329310102240596
5 0.9834041365763063 0.7757927247829303
5 0.9891357228179394 0.71880461926261
5 0.9948673090595725 0.6619716964935564
5 1.0005988953012057 0.6052982021015476
5 1.0063304815428389 0.5487876229669042
5 1.012062067784472 0.49244268861552043
5 1.0177936540261052 0.43626537596073534
5 1.0235252402677382 0.3802569178976579
5 1.0292568265093713 0.3244178163565528
5 1.0349884127510045 0.26874786055734257
5 1.0407199989926377 0.21324615138396757
5 1.0464515852342708 0.1579111330282668
5 1.052183171475904 0.10274063336042125
5 1.0579147577175372 0.04773191489313182
5 1.0636463439591701 -0.007118261238409548
5 1.0693779302008033 -0.06181355510061652
5 1.0751095164424367 -0.11635794736384103
5 1.0808411026840696 -0.1707556125954134
5 1.086572688925703 -0.22501075868899167
5 1.0923042751673362 -0.2791274217133138
5 1.0980358614089694 -0.3331092011559026
5 1.1037674476506025 -0.386958914175692
5 1.1094990338922357 -0.4406781379252565
5 1.1152306201338689 -0.49426659439033294
5 1.1209622063755023 -0.5477213093950564
5 1.1266937926171352 -0.6010354410647123
5 1.1324253788587686 -0.6541966136711672
5 1.1381569651004018 -0.7071844932908057
5 1.143888551342035 -0.7599671701492601
5 1.149620137583668 -0.8124956074162899
5 1.1553517238253013 -0.8646948550967783
5 1.1610833100669344 -0.9164496583757575
5 1.1668148963085678 -0.9675799767651226
5 1.1725464825502008 -1.0177976123917867
5 1.1782780687918342 -1.0666261268183772
5 1.1840096550334673 -1.1132476676947471
5 1.1897412412751005 -1.1562071516868133
5 1.1954728275167337 -1.1928827176056205
5 1.2012044137583668 -1.2188568931839323
5 1.206936 -1.2284999999999984
6 0.0 -0.5056178519669081
6 0.004963699289235673 -0.5055051407418181
6 0.009927398578471346 -0.5051648310529278
6 0.014891097867707022 -0.5045903938028027
6 0.019854797156942692 -0.503770942629228
6 0.024818496446178364 -0.5026912234659625
6 0.029782195735414036 -0.5013315922691913
6 0.03474589502464971 -0.49966797228766424
6 0.039709594313885384 -0.4976717781720796
6 0.044673293603121056 -0.4953097883321899
6 0.04963699289235673 -0.49254393764634474
6 0.0546006921815924 -0.48933098586840756
6 0.05956439147082807 -0.48562198070850104
6 0.06452809076006374 -0.4813613343003055
6 0.06949179004929942 -0.47648496554669717
6 0.0744554893385351 -0.4709150665470048
6 0.07941918862777077 -0.4645319159888019
6 0.08438288791700645 -0.4560564393710487
6 0.08934658720624211 -0.40494595724740523
6 0.09431028649547779 -0.3466740807113212
6 0.09927398578471346 -0.28770277195412974
6 0.10423768507394914 -0.2281123681445373
6 0.1092013843631848 -0.16792801263390145
6 0.1141650836524205 -0.10716546386500898
6 0.11912878294165614 -0.04583732590542293
6 0.12409248223089184 0.01604530567120477
6 0.1290561815201275 0.07847221100848174
6 0.1340198808093632 0.14143373177990176
6 0.13898358009859882 0.20492058534333202
6 0.14394727938783453 0.2689237413801184
6 0.14891097867707018 0.33343433370629827
6 0.15387467796630588 0.3984435941324339
6 0.1588383772555415 0.4639428012585418
6 0.16380207654477721 0.529923239957603
6 0.16876577583401287 0.5963761688150989
6 0.17372947512324857 0.6632927936630518
6 0.1786931744124842 0.7306642458846996
6 0.1836568737017199 0.7984815645174836
6 0.18862057299095555 0.8667356814221526
6 0.19358427228019126 0.9354174089561597
6 0.19854797156942688 1.0045174297132173
6 0.2035116708586626 1.074026287983416
6 0.20847537014789824 1.1439343826581012
6 0.21343906943713395 1.2142319613576367
6 0.21840276872636957 1.2849091156020052
6 0.22336646801560528 1.3559557768772381
6 0.22833016730484096 1.4273617134767043
6 0.2332938665940766 1.499116528017385
6 0.23825756588331226 1.5712096555479704
6 0.24322126517254797 1.6436303621792965
6 0.24818496446178365 1.7163677441788985
6 0.2531486637510193 1.7894107274803877
6 0.258112363040255 1.8627480675659893
6 0.26307606232949066 1.9363683496867434
6 0.2680397616187263 2.0102599893900215
6 0.2730034609079619 2.084411233328307
6 0.2779671601971976 2.15881016032672
6 0.28293085948643326 2.2334446826898624
6 0.28789455877566894 2.308302547731018
6 0.29285825806490456 2.383371339508886
6 0.29782195735414024 2.458638480758836
6 0.3027856566433759 2.5340912350072022
6 0.3077493559326116 2.6097167088584468
6 0.3127130552218472 2.6855018544460427
6 0.3176767545110829 2.7614334720390574
6 0.32264045380031864 2.8374982127969517
6 0.3276041530895543 2.913682581666074
6 0.33256785237878994 2.989972940411711
6 0.3375315516680256 3.066355510780199
6 0.34249525095726135 3.1428163777859455
6 0.34745895024649703 3.219341493118613
6 0.3524226495357326 3.29591667866612
6 0.3573863488249683 3.372527630149192
6 0.362350048114204 3.44915992086369
6 0.3673137474034397 3.525799005526859
6 0.3722774466926753 3.6024302242241446
6 0.377241145981911 3.679038806453033
6 0.3822048452711467 3.755609875260713
6 0.38716854456038235 3.832128451472458
6 0.3921322438496179 3.908579458007573
6 0.3970959431388536 3.9849477242799463
6 0.4020596424280893 4.061217990680311
6 0.40702334171732496 4.137374913137273
6 0.4119870410065606 4.213403067754276
6 0.41695074029579626 4.289286955519711
6 0.42191443958503194 4.365011007087353
6 0.42687813887426757 4.440559587624217
6 0.43184183816350324 4.5159170017228485
6 0.4368055374527389 4.591067498371967
6 0.4417692367419746 4.665993310428872
6 0.4417692367419746 4.665993310428872
6 0.4446350298627912 4.665840566683584
6 0.44750082298360777 4.66538235383459
6 0.4503666161044243 4.664618727039261
6 0.4532324092252409 4.663549778215886
6 0.45609820234605747 4.662175636027642
6 0.45896399546687405 4.6604964658601515
6 0.4618297885876906 4.658512469792683
6 0.46469558170850717 4.656223886562861
6 0.46756137482932375 4.6536309915250715
6 0.4704271679501404 4.6507340966024335
6 0.4732929610709569 4.647533550232313
6 0.4761587541917735 4.644029737305564
6 0.4790245473125901 4.640223079099281
6 0.4818903404334066 4.636114033203224
6 0.4847561335542232 4.631703093439842
6 0.4876219266750398 4.626990789777942
6 0.49048771979585637 4.621977688239962
6 0.4933535129166729 4.616664390802947
6 0.4962193060374895 4.611051535293095
6 0.49908509915830607 4.605139795273999
6 0.5019508922791226 4.598929879928548
6 0.5048166853999392 4.592422533934517
6 0.5076824785207558 4.585618537333769
6 0.5105482716415723 4.578518705395243
6 0.5134140647623889 4.571123888471531
6 0.5162798578832055 4.563434971849258
6 0.5191456510040221 4.55545287559309
6 0.5220114441248386 4.547178554383585
6 0.5248772372456552 4.5386129973486184
6 0.5277430303664717 4.529757227888716
6 0.5306088234872882 4.520612303496055
6 0.5334746166081049 4.51117931556727
6 0.5363404097289214 4.501459389210023
6 0.5392062028497381 4.491453683043411
6 0.5420719959705547 4.48116338899211
6 0.5449377890913712 4.470589732074441
6 0.5478035822121878 4.459733970184199
6 0.5506693753330044 4.448597393866335
6 0.5535351684538211 4.437181326086595
6 0.5564009615746377 4.42548712199489
6 0.5592667546954542 4.413516168682724
6 0.5621325478162709 4.401269884934395
6 0.5649983409370875 4.388749720972229
6 0.567864134057904 4.375957158195696
6 0.5707299271787206 4.3628937089145285
6 0.5735957202995372 4.349560916075762
6 0.5764615134203538 4.335960352984856
6 0.5793273065411703 4.322093623020736
6 0.5821930996619868 4.307962359344945
6 0.5850588927828034 4.293568224604789
6 0.58792468590362 4.278912910630587
6 0.5907904790244365 4.263998138126999
6 0.5936562721452532 4.248825656358411
6 0.5965220652660697 4.233397242828581
6 0.5993878583868862 4.217714702954216
6 0.6022536515077028 4.201779869732955
6 0.6051194446285194 4.185594603405342
6 0.607985237749336 4.169160791111127
6 0.6108510308701526 4.15248034653974
6 0.6137168239909692 4.135555209575013
6 0.6165826171117857 4.118387345934202
6 0.6194484102326022 4.1009787468012835
6 0.6223142033534188 4.083331428454567
6 0.6251799964742355 4.065447431888632
6 0.628045789595052 4.047328822430617
6 0.6309115827158684 4.028977689350984
6 0.6337773758366851 4.010396145468532
6 0.6366431689575017 3.991586326749956
6 0.6395089620783183 3.972550391903837
6 0.6423747551991348 3.953290521969074
6 0.6452405483199514 3.933808919897847
6 0.6481063414407681 3.914107810133122
6 0.6509721345615845 3.89418943818063
6 0.653837927682401 3.8740560701755506
6 0.6567037208032176 3.853709992443657
6 0.6595695139240342 3.8331535110572217
6 0.6624353070448508 3.812388951385477
6 0.6653011001656672 3.79141865763978
6 0.6681668932864837 3.7702449924135375
6 0.6710326864073004 3.7488703362168203
6 0.6738984795281169 3.7272970870057573
6 0.6767642726489334 3.705527659706682
6 0.6796300657697499 3.6835644857351983
6 0.6824958588905665 3.6614100125099984
6 0.685361652011383 3.639066702961594
6 0.6882274451321996 3.616537035035982
6 0.691093238253016 3.5938235011932385
6 0.6939590313738326 3.5709286079010565
6 0.6968248244946492 3.5478548751233303
6 0.6968248244946492 3.5478548751233303
6 0.7025564107362824 3.504803343233997
6 0.7082879969779154 3.4578195219762833
6 0.7140195832195485 3.410184156055104
6 0.7197511694611817 3.3619275618026556
6 0.7254827557028147 3.3130710597413695
6 0.7312143419444479 3.263633647397475
6 0.7369459281860811 3.2136328035904307
6 0.7426775144277142 3.163084620354236
6 0.7484091006693473 3.1120038628932964
6 0.7541406869109806 3.0604041003503504
6 0.7598722731526136 3.00829795785455
6 0.7656038593942468 2.955697501784012
6 0.7713354456358799 2.9026147397922495
6 0.777067031877513 2.8490621895547417
6 0.7827986181191462 2.795053449393548
6 0.7885302043607794 2.740603695551573
6 0.7942617906024124 2.6857300382468425
6 0.7999933768440457 2.6304516906643562
6 0.8057249630856788 2.5747899361992537
6 0.8114565493273119 2.5187679114694816
6 0.817188135568945 2.4624102481462073
6 0.8229197218105782 2.405742630625215
6 0.8286513080522113 2.348791328001571
6 0.8343828942938444 2.2915827501060133
6 0.8401144805354775 2.2341430627568313
6 0.8458460667771108 2.176497881280716
6 0.851577653018744 2.1186720471306137
6 0.857309239260377 2.060689481929361
6 0.8630408255020102 2.002573106946769
6 0.8687724117436434 1.9443448133645933
6 0.8745039979852766 1.886025468727197
6 0.8802355842269096 1.8276349466736803
6 0.8859671704685429 1.7691921695210264
6 0.8916987567101761 1.7107151558912035
6 0.8974303429518092 1.6522210679705567
6 0.9031619291934422 1.5937262549769127
6 0.9088935154350755 1.5352462909421458
6 0.9146251016767085 1.4767960060281284
6 0.9203566879183417 1.4183895113508724
6 0.9260882741599747 1.3600402177705813
6 0.931819860401608 1.3017608493891095
6 0.9375514466432412 1.2435634526436483
6 0.9432830328848744 1.1854594019468132
6 0.9490146191265074 1.1274594028364446
6 0.9547462053681406 1.069573493591692
6 0.9604777916097738 1.0118110462667977
6 0.9662093778514069 0.9541807681072624
6 0.97194096409304 0.8966907043601975
6 0.9776725503346732 0.8393482435883319
6 0.9834041365763063 0.7821601267656627
6 0.9891357228179394 0.7251324617020096
6 0.9948673090595725 0.6682707447566263
6 1.0005988953012057 0.6115798924262039
6 1.0063304815428389 0.5550642863370715
6 1.012062067784472 0.4987278366108274
6 1.0177936540261052 0.44257407079753286
6 1.0235252402677382 0.3866062590757199
6 1.0292568265093713 0.3308275920688628
6 1.0349884127510045 0.27524143698046993
6 1.0407199989926377 0.2198517137046699
6 1.0464515852342708 0.16466346073074498
6 1.052183171475904 0.10968371232870425
6 1.0579147577175372 0.054922907571099716
6 1.0636463439591701 0.00039725154368664464
6 1.0693779302008033 -0.053867123726199014
6 1.0751095164424367 -0.1078263735780017
6 1.0808411026840696 -0.1614032838882053
6 1.086572688925703 -0.21445292389976153
6 1.0923042751673362 -0.26667905977384504
6 1.0980358614089694 -0.3174062515543747
6 1.1037674476506025 -0.36491441528755036
6 1.1094990338922357 -0.4049998280331812
6 1.1152306201338689 -0.432541039817997
6 1.1209622063755023 -0.44947584932124346
6 1.1266937926171352 -0.4609519806459936
6 1.1324253788587686 -0.469639073372612
6 1.1381569651004018 -0.47662141852691825
6 1.143888551342035 -0.4823929574715855
6 1.149620137583668 -0.48722024612957454
6 1.1553517238253013 -0.49127021718946257
6 1.1610833100669344 -0.49465985415541647
6 1.1668148963085678 -0.4974775998821339
6 1.1725464825502008 -0.49979340118023574
6 1.1782780687918342 -0.5016637408916944
6 1.1840096550334673 -0.5031342835057804
6 1.1897412412751005 -0.5042413129381383
6 1.1954728275167337 -0.5050125289345604
6 1.2012044137583668 -0.5054674896574649
6 1.206936 -0.5056178519669081
7 0.0 8.661255736511176
7 0.004963699289235673 8.660657732544925
7 0.009927398578471346 8.658863877990004
7 0.014891097867707022 8.655874644814729
7 0.019854797156942692 8.651690819423015
7 0.024818496446178364 8.646313502339442
7 0.029782195735414036 8.639744107768642
7 0.03474589502464971 8.63198436302916
7 0.039709594313885384 8.623036307862078
7 0.044673293603121056 8.612902293614777
7 0.04963699289235673 8.601584982300214
7 0.0546006921815924 8.589087345532203
7 0.05956439147082807 8.575412663337225
7 0.06452809076006374 8.56056452284337
7 0.06949179004929942 8.544546816847081
7 0.0744554893385351 8.52736374225836
7 0.07941918862777077 8.509019798425365
7 0.08438288791700645 8.489519785338976
7 0.08934658720624211 8.468868801718532
7 0.09431028649547779 8.447072242979516
7 0.09927398578471346 8.424135799084189
7 0.10423768507394914 8.400065452276378
7 0.1092013843631848 8.374867474701476
7 0.1141650836524205 8.348548425912787
7 0.11912878294165614 8.321115150265646
7 0.12409248223089184 8.292574774200387
7 0.1290561815201275 8.262934703415716
7 0.1340198808093632 8.232202619933837
7 0.13898358009859882 8.200386479058679
7 0.14394727938783453 8.167494506229026
7 0.14891097867707018 8.13353519376776
7 0.15387467796630588 8.098517297529234
7 0.1588383772555415 8.062449833446113
7 0.16380207654477721 8.025342073977555
7 0.16876577583401287 7.987203544460637
7 0.17372947512324857 7.94804401936653
7 0.1786931744124842 7.907873518463588
7 0.1836568737017199 7.866702302889138
7 0.18862057299095555 7.824540871131926
7 0.19358427228019126 7.781399954927249
7 0.19854797156942688 7.737290515066822
7 0.2035116708586626 7.692223737125424
7 0.20847537014789824 7.646211027106542
7 0.21343906943713395 7.599264007009113
7 0.21840276872636957 7.5513945103175235
7 0.22336646801560528 7.502614577417262
7 0.22833016730484096 7.452936450938361
7 0.2332938665940766 7.402372571029005
7 0.23825756588331226 7.350935570561668
7 0.24322126517254797 7.298638270274114
7 0.24818496446178365 7.245493673847674
7 0.2531486637510193 7.191514962925365
7 0.258112363040255 7.136715492072082
7 0.26307606232949066 7.081108783679662
7 0.2680397616187263 7.024708522819037
7 0.2730034609079619 6.967528552042301
7 0.2779671601971976 6.909582866137038
7 0.28293085948643326 6.850885606835718
7 0.28789455877566894 6.791451057482536
7 0.29285825806490456 6.731293637660633
7 0.29782195735414024 6.670427897782034
7 0.3027856566433759 6.608868513643229
7 0.3077493559326116 6.546630280948935
7 0.3127130552218472 6.48372810980686
7 0.3176767545110829 6.420177019196046
7 0.32264045380031864 6.355992131411674
7 0.3276041530895543 6.2911886664889325
7 0.33256785237878994 6.225781936608816
7 0.3375315516680256 6.159787340488546
7 0.34249525095726135 6.093220357759414
7 0.34745895024649703 6.026096543334734
7 0.3524226495357326 5.958431521770897
7 0.3573863488249683 5.8902409816240135
7 0.362350048114204 5.821540669805172
7 0.3673137474034397 5.752346385937027
7 0.3722774466926753 5.682673976714433
7 0.377241145981911 5.612539330272009
7 0.3822048452711467 5.541958370561397
7 0.38716854456038235 5.470947051740986
7 0.3921322438496179 5.399521352580892
7 0.3970959431388536 5.327697270885972
7 0.4020596424280893 5.255490817939714
7 0.40702334171732496 5.182918012971653
7 0.4119870410065606 5.10999487765124
7 0.41695074029579626 5.036737430610814
7 0.42191443958503194 4.963161682000549
7 0.42687813887426757 4.889283628078126
7 0.43184183816350324 4.815119245836343
7 0.4368055374527389 4.740684487674536
7 0.4417692367419746 4.66599724167049
7 0.4417692367419746 4.66599724167049
7 0.4446350298627912 4.665844626169167
7 0.44750082298360777 4.66538679827322
7 0.4503666161044243 4.6646238138041225
7 0.4532324092252409 4.663555765788804
7 0.45609820234605747 4.662182784446503
7 0.45896399546687405 4.660505037170237
7 0.4618297885876906 4.658522728503079
7 0.46469558170850717 4.656236100109181
7 0.46756137482932375 4.653645430739583
7 0.4704271679501404 4.650751036192826
7 0.4732929610709569 4.647553269270449
7 0.4761587541917735 4.644052519727315
7 0.4790245473125901 4.640249214216923
7 0.4818903404334066 4.6361438162316215
7 0.4847561335542232 4.6317368260379315
7 0.4876219266750398 4.627028780606849
7 0.49048771979585637 4.6220202535394055
7 0.4933535129166729 4.616711854987325
7 0.4962193060374895 4.611104231569032
7 0.49908509915830607 4.6051980662810195
7 0.5019508922791226 4.598994078404618
7 0.5048166853999392 4.592493023408348
7 0.5076824785207558 4.5856956928459
7 0.5105482716415723 4.578602914249818
7 0.5134140647623889 4.571215551021065
7 0.5162798578832055 4.563534502314565
7 0.5191456510040221 4.55556070292079
7 0.5220114441248386 4.54729512314363
7 0.5248772372456552 4.5387387686745955
7 0.5277430303664717 4.529892680463517
7 0.5306088234872882 4.520757934585966
7 0.5334746166081049 4.511335642107461
7 0.5363404097289214 4.501626948944712
7 0.5392062028497381 4.491633035724018
7 0.5420719959705547 4.48135511763704
7 0.5449377890913712 4.470794444294232
7 0.5478035822121878 4.4599522995758605
7 0.5506693753330044 4.448830001481181
7 0.5535351684538211 4.437428901975714
7 0.5564009615746377 4.425750386836965
7 0.5592667546954542 4.413795875498762
7 0.5621325478162709 4.401566820894505
7 0.5649983409370875 4.38906470929946
7 0.567864134057904 4.376291060172421
7 0.5707299271787206 4.363247425996873
7 0.5735957202995372 4.3499353921219654
7 0.5764615134203538 4.336356576603418
7 0.5793273065411703 4.322512630044624
7 0.5821930996619868 4.308405235438036
7 0.5850588927828034 4.294036108007095
7 0.58792468590362 4.279406995048682
7 0.5907904790244365 4.264519675776294
7 0.5936562721452532 4.249375961163835
7 0.5965220652660697 4.2339776937901155
7 0.5993878583868862 4.218326747683805
7 0.6022536515077028 4.202425028168769
7 0.6051194446285194 4.186274471709369
7 0.607985237749336 4.16987704575539
7 0.6108510308701526 4.1532347485860095
7 0.6137168239909692 4.136349609152082
7 0.6165826171117857 4.119223686915894
7 0.6194484102326022 4.101859071687341
7 0.6223142033534188 4.08425788345531
7 0.6251799964742355 4.0664222722127645
7 0.628045789595052 4.0483544177741475
7 0.6309115827158684 4.030056529583244
7 0.6337773758366851 4.011530846509976
7 0.6366431689575017 3.992779636634587
7 0.6395089620783183 3.973805197018222
7 0.6423747551991348 3.9546098534599152
7 0.6452405483199514 3.9351959602417437
7 0.6481063414407681 3.9155658998671767
7 0.6509721345615845 3.895722082803121
7 0.653837927682401 3.8756669472455325
7 0.6567037208032176 3.8554029589447407
7 0.6595695139240342 3.8349326111548723
7 0.6624353070448508 3.8142584248223876
7 0.6653011001656672 3.793382949221832
7 0.6681668932864837 3.7723087634252916
7 0.6710326864073004 3.7510384793498335
7 0.6738984795281169 3.7295747478886496
7 0.6767642726489334 3.7079202713703854
7 0.6796300657697499 3.686077829930107
7 0.6824958588905665 3.6640503414868926
7 0.685361652011383 3.641841014213897
7 0.6882274451321996 3.619453806139948
7 0.691093238253016 3.5968952539927197
7 0.6939590313738326 3.5741870036716348
7 0.6968248244946492 3.5528510681901624
7 0.6968248244946492 3.5528510681901624
7 0.7025564107362824 3.6418257019005296
7 0.7082879969779154 3.7339158055653177
7 0.7140195832195485 3.82582423249186
7 0.7197511694611817 3.917508192414399
7 0.7254827557028147 4.008936237700669
7 0.7312143419444479 4.100080505111936
7 0.7369459281860811 4.190915148163552
7 0.7426775144277142 4.281415682250114
7 0.7484091006693473 4.371558609366355
7 0.7541406869109806 4.461321169953544
7 0.7598722731526136 4.550681166463884
7 0.7656038593942468 4.639616832516814
7 0.7713354456358799 4.728106733190948
7 0.777067031877513 4.816129687623744
7 0.7827986181191462 4.9036647081704405
7 0.7885302043607794 4.990690952206417
7 0.7942617906024124 5.077187683812364
7 0.7999933768440457 5.163134243340891
7 0.8057249630856788 5.248510023378603
7 0.8114565493273119 5.333294449977061
7 0.817188135568945 5.417466968281752
7 0.8229197218105782 5.5010070318744635
7 0.8286513080522113 5.583894095281857
7 0.8343828942938444 5.666107609206823
7 0.8401144805354775 5.747627018117576
7 0.8458460667771108 5.82843175989134
7 0.851577653018744 5.908501267256601
7 0.857309239260377 5.9878149708166095
7 0.8630408255020102 6.066352303467041
7 0.8687724117436434 6.144092706045575
7 0.8745039979852766 6.221015634071811
7 0.8802355842269096 6.297100565452365
7 0.8859671704685429 6.372327009040758
7 0.8916987567101761 6.446674513952826
7 0.8974303429518092 6.520122679549478
7 0.9031619291934422 6.592651166006294
7 0.9088935154350755 6.66423970539791
7 0.9146251016767085 6.734868113230808
7 0.9203566879183417 6.80451630036457
7 0.9260882741599747 6.873164285265972
7 0.931819860401608 6.940792206545321
7 0.9375514466432412 7.0073803357277855
7 0.9432830328848744 7.07290909021667
7 0.9490146191265074 7.137359046407763
7 0.9547462053681406 7.2007109529180005
7 0.9604777916097738 7.262945743892662
7 0.9662093778514069 7.3240445523592985
7 0.97194096409304 7.383988723597355
7 0.9776725503346732 7.442759828495077
7 0.9834041365763063 7.500339676867002
7 0.9891357228179394 7.556710330706568
7 0.9948673090595725 7.6118541173504894
7 1.0005988953012057 7.665753642532222
7 1.0063304815428389 7.718391803303878
7 1.012062067784472 7.769751800806354
7 1.0177936540261052 7.819817152869223
7 1.0235252402677382 7.868571706422549
7 1.0292568265093713 7.915999649703905
7 1.0349884127510045 7.962085524244866
7 1.0407199989926377 8.006814236621809
7 1.0464515852342708 8.050171069957115
7 1.052183171475904 8.092141695157029
7 1.0579147577175372 8.132712181873869
7 1.0636463439591701 8.171869009180218
7 1.0693779302008033 8.209599075944018
7 1.0751095164424367 8.245889710893561
7 1.0808411026840696 8.280728682362477
7 1.086572688925703 8.314104207704856
7 1.0923042751673362 8.34600496237171
7 1.0980358614089694 8.376420088639925
7 1.1037674476506025 8.405339203985926
7 1.1094990338922357 8.432752409096329
7 1.1152306201338689 8.458650295508436
7 1.1209622063755023 8.483023952874035
7 1.1266937926171352 8.505864975840165
7 1.1324253788587686 8.527165470540925
7 1.1381569651004018 8.54691806069524
7 1.143888551342035 8.565115893305137
7 1.149620137583668 8.581752643950198
7 1.1553517238253013 8.596822521673818
7 1.1610833100669344 8.610320273457308
7 1.1668148963085678 8.622241188278542
7 1.1725464825502008 8.632581100751676
7 1.1782780687918342 8.641336394345231
7 1.1840096550334673 8.648504004176255
7 1.1897412412751005 8.654081419378002
7 1.1954728275167337 8.658066685039792
7 1.2012044137583668 8.660458403717087
7 1.206936 8.661255736511176
